,imageID,left_eyebrow_inner_end_x,left_eyebrow_inner_end_y
0,0,55.0,27.0
1,1,56.0,30.0
2,2,56.0,31.0
3,3,56.0,29.0
4,4,55.0,32.0
5,5,56.0,29.0
6,6,56.0,29.0
7,7,56.0,29.0
8,8,56.0,31.0
9,9,56.0,29.0
10,10,56.0,31.0
11,11,56.0,29.0
12,12,56.0,30.0
13,13,56.0,29.0
14,14,56.0,29.0
15,15,56.0,29.0
16,16,55.0,31.0
17,17,56.0,29.0
18,18,58.0,27.0
19,19,56.0,29.0
20,20,56.0,29.0
21,21,56.0,29.0
22,22,56.0,31.0
23,23,56.0,29.0
24,24,56.0,29.0
25,25,62.0,21.0
26,26,56.0,29.0
27,27,55.0,29.0
28,28,56.0,29.0
29,29,56.0,29.0
30,30,56.0,29.0
31,31,56.0,29.0
32,32,56.0,29.0
33,33,56.0,26.0
34,34,56.0,28.0
35,35,56.0,29.0
36,36,56.0,28.0
37,37,55.0,30.0
38,38,56.0,29.0
39,39,56.0,29.0
40,40,56.0,29.0
41,41,55.0,27.0
42,42,56.0,29.0
43,43,56.0,29.0
44,44,56.0,29.0
45,45,56.0,29.0
46,46,56.0,29.0
47,47,56.0,28.0
48,48,53.0,34.0
49,49,56.0,29.0
50,50,56.0,29.0
51,51,56.0,31.0
52,52,56.0,29.0
53,53,56.0,31.0
54,54,56.0,29.0
55,55,60.0,31.0
56,56,54.0,30.0
57,57,56.0,29.0
58,58,56.0,28.0
59,59,54.0,30.0
60,60,56.0,29.0
61,61,56.0,29.0
62,62,55.0,32.0
63,63,56.0,29.0
64,64,56.0,31.0
65,65,56.0,28.0
66,66,57.0,30.0
67,67,56.0,29.0
68,68,56.0,29.0
69,69,55.0,28.0
70,70,56.0,29.0
71,71,55.0,32.0
72,72,56.0,29.0
73,73,58.0,27.0
74,74,56.0,28.0
75,75,56.0,29.0
76,76,56.0,29.0
77,77,50.0,30.0
78,78,56.0,29.0
79,79,56.0,29.0
80,80,56.0,29.0
81,81,56.0,29.0
82,82,56.0,29.0
83,83,58.0,27.0
84,84,54.0,30.0
85,85,56.0,31.0
86,86,56.0,29.0
87,87,56.0,29.0
88,88,56.0,29.0
89,89,56.0,29.0
90,90,56.0,29.0
91,91,56.0,28.0
92,92,56.0,29.0
93,93,61.0,26.0
94,94,62.0,30.0
95,95,56.0,29.0
96,96,56.0,29.0
97,97,56.0,29.0
98,98,55.0,27.0
99,99,56.0,29.0
100,100,56.0,29.0
101,101,56.0,31.0
102,102,56.0,29.0
103,103,56.0,29.0
104,104,56.0,29.0
105,105,54.0,28.0
106,106,56.0,29.0
107,107,58.0,27.0
108,108,56.0,29.0
109,109,56.0,29.0
110,110,56.0,29.0
111,111,58.0,26.0
112,112,56.0,29.0
113,113,56.0,29.0
114,114,56.0,29.0
115,115,57.0,30.0
116,116,56.0,29.0
117,117,56.0,31.0
118,118,56.0,29.0
119,119,56.0,29.0
120,120,56.0,29.0
121,121,56.0,29.0
122,122,56.0,29.0
123,123,56.0,29.0
124,124,56.0,29.0
125,125,56.0,30.0
126,126,55.0,28.0
127,127,56.0,29.0
128,128,56.0,29.0
129,129,56.0,29.0
130,130,56.0,29.0
131,131,56.0,29.0
132,132,56.0,29.0
133,133,56.0,29.0
134,134,56.0,30.0
135,135,58.0,34.0
136,136,56.0,29.0
137,137,56.0,29.0
138,138,56.0,29.0
139,139,56.0,30.0
140,140,56.0,29.0
141,141,56.0,29.0
142,142,56.0,29.0
143,143,60.0,31.0
144,144,56.0,29.0
145,145,56.0,29.0
146,146,59.0,30.0
147,147,56.0,29.0
148,148,56.0,29.0
149,149,57.0,30.0
150,150,56.0,29.0
151,151,56.0,29.0
152,152,55.0,32.0
153,153,56.0,29.0
154,154,57.0,21.0
155,155,56.0,29.0
156,156,56.0,29.0
157,157,56.0,29.0
158,158,56.0,29.0
159,159,57.0,25.0
160,160,57.0,24.0
161,161,56.0,29.0
162,162,56.0,29.0
163,163,56.0,29.0
164,164,56.0,29.0
165,165,56.0,31.0
166,166,56.0,29.0
167,167,53.0,29.0
168,168,56.0,29.0
169,169,56.0,29.0
170,170,56.0,29.0
171,171,56.0,29.0
172,172,56.0,29.0
173,173,55.0,28.0
174,174,56.0,29.0
175,175,56.0,29.0
176,176,56.0,29.0
177,177,56.0,30.0
178,178,56.0,29.0
179,179,59.0,30.0
180,180,56.0,29.0
181,181,56.0,31.0
182,182,56.0,29.0
183,183,56.0,29.0
184,184,56.0,29.0
185,185,58.0,31.0
186,186,55.0,27.0
187,187,56.0,29.0
188,188,56.0,28.0
189,189,56.0,29.0
190,190,56.0,29.0
191,191,56.0,29.0
192,192,60.0,31.0
193,193,56.0,29.0
194,194,57.0,31.0
195,195,56.0,29.0
196,196,56.0,29.0
197,197,56.0,29.0
198,198,57.0,30.0
199,199,56.0,29.0
200,200,56.0,29.0
201,201,56.0,29.0
202,202,56.0,29.0
203,203,56.0,29.0
204,204,55.0,28.0
205,205,56.0,29.0
206,206,56.0,29.0
207,207,56.0,29.0
208,208,55.0,27.0
209,209,58.0,27.0
210,210,56.0,29.0
211,211,56.0,29.0
212,212,56.0,31.0
213,213,56.0,25.0
214,214,56.0,29.0
215,215,58.0,27.0
216,216,55.0,29.0
217,217,60.0,30.0
218,218,56.0,29.0
219,219,57.0,30.0
220,220,56.0,29.0
221,221,56.0,29.0
222,222,56.0,29.0
223,223,55.0,31.0
224,224,56.0,29.0
225,225,56.0,31.0
226,226,56.0,29.0
227,227,56.0,29.0
228,228,56.0,29.0
229,229,56.0,29.0
230,230,60.0,31.0
231,231,56.0,29.0
232,232,56.0,29.0
233,233,56.0,29.0
234,234,56.0,30.0
235,235,56.0,29.0
236,236,56.0,31.0
237,237,56.0,28.0
238,238,56.0,29.0
239,239,58.0,34.0
240,240,56.0,28.0
241,241,53.0,29.0
242,242,56.0,29.0
243,243,55.0,32.0
244,244,55.0,27.0
245,245,56.0,29.0
246,246,54.0,28.0
247,247,56.0,29.0
248,248,55.0,31.0
249,249,56.0,29.0
250,250,59.0,28.0
251,251,56.0,29.0
252,252,56.0,30.0
253,253,57.0,30.0
254,254,56.0,29.0
255,255,56.0,29.0
256,256,55.0,27.0
257,257,56.0,29.0
258,258,56.0,29.0
259,259,60.0,31.0
260,260,56.0,29.0
261,261,58.0,25.0
262,262,57.0,30.0
263,263,56.0,29.0
264,264,55.0,27.0
265,265,56.0,29.0
266,266,56.0,29.0
267,267,56.0,31.0
268,268,56.0,29.0
269,269,56.0,29.0
270,270,60.0,30.0
271,271,56.0,29.0
272,272,56.0,29.0
273,273,56.0,28.0
274,274,56.0,29.0
275,275,56.0,31.0
276,276,56.0,29.0
277,277,55.0,30.0
278,278,56.0,29.0
279,279,56.0,29.0
280,280,56.0,29.0
281,281,56.0,31.0
282,282,56.0,29.0
283,283,56.0,29.0
284,284,55.0,28.0
285,285,56.0,30.0
286,286,56.0,29.0
287,287,56.0,29.0
288,288,56.0,29.0
289,289,56.0,29.0
290,290,56.0,29.0
291,291,60.0,30.0
292,292,56.0,29.0
293,293,56.0,29.0
294,294,55.0,27.0
295,295,55.0,32.0
296,296,56.0,29.0
297,297,56.0,29.0
298,298,56.0,28.0
299,299,56.0,29.0
300,300,56.0,28.0
301,301,56.0,29.0
302,302,56.0,29.0
303,303,56.0,28.0
304,304,56.0,29.0
305,305,56.0,29.0
306,306,56.0,29.0
307,307,56.0,29.0
308,308,56.0,29.0
309,309,56.0,29.0
310,310,56.0,29.0
311,311,56.0,29.0
312,312,56.0,29.0
313,313,56.0,29.0
314,314,55.0,31.0
315,315,56.0,29.0
316,316,56.0,29.0
317,317,56.0,29.0
318,318,56.0,29.0
319,319,56.0,31.0
320,320,56.0,31.0
321,321,56.0,29.0
322,322,56.0,29.0
323,323,56.0,31.0
324,324,56.0,29.0
325,325,56.0,29.0
326,326,56.0,29.0
327,327,52.0,26.0
328,328,56.0,29.0
329,329,56.0,29.0
330,330,56.0,29.0
331,331,56.0,29.0
332,332,61.0,26.0
333,333,56.0,29.0
334,334,56.0,29.0
335,335,56.0,29.0
336,336,56.0,29.0
337,337,56.0,29.0
338,338,53.0,31.0
339,339,56.0,31.0
340,340,56.0,29.0
341,341,56.0,28.0
342,342,56.0,29.0
343,343,56.0,29.0
344,344,56.0,29.0
345,345,56.0,29.0
346,346,56.0,30.0
347,347,56.0,29.0
348,348,56.0,29.0
349,349,56.0,29.0
350,350,56.0,29.0
351,351,53.0,29.0
352,352,55.0,31.0
353,353,56.0,28.0
354,354,51.0,31.0
355,355,56.0,29.0
356,356,64.0,33.0
357,357,55.0,31.0
358,358,56.0,31.0
359,359,56.0,30.0
360,360,56.0,29.0
361,361,55.0,31.0
362,362,56.0,29.0
363,363,56.0,29.0
364,364,56.0,29.0
365,365,55.0,31.0
366,366,56.0,29.0
367,367,55.0,32.0
368,368,56.0,29.0
369,369,55.0,31.0
370,370,56.0,29.0
371,371,56.0,29.0
372,372,56.0,29.0
373,373,56.0,31.0
374,374,56.0,29.0
375,375,56.0,29.0
376,376,56.0,29.0
377,377,56.0,31.0
378,378,56.0,28.0
379,379,56.0,29.0
380,380,55.0,29.0
381,381,56.0,29.0
382,382,55.0,34.0
383,383,56.0,29.0
384,384,56.0,29.0
385,385,56.0,31.0
386,386,56.0,28.0
387,387,55.0,32.0
388,388,54.0,28.0
389,389,55.0,27.0
390,390,56.0,29.0
391,391,56.0,29.0
392,392,56.0,29.0
393,393,56.0,31.0
394,394,55.0,31.0
395,395,56.0,31.0
396,396,56.0,29.0
397,397,56.0,29.0
398,398,56.0,29.0
399,399,56.0,29.0
400,400,56.0,29.0
401,401,56.0,29.0
402,402,56.0,29.0
403,403,56.0,29.0
404,404,56.0,29.0
405,405,56.0,29.0
406,406,56.0,29.0
407,407,56.0,29.0
408,408,56.0,29.0
409,409,56.0,29.0
410,410,56.0,29.0
411,411,56.0,29.0
412,412,56.0,29.0
413,413,56.0,29.0
414,414,56.0,29.0
415,415,56.0,29.0
416,416,56.0,29.0
417,417,55.0,32.0
418,418,56.0,29.0
419,419,56.0,29.0
420,420,56.0,29.0
421,421,56.0,29.0
422,422,56.0,29.0
423,423,56.0,29.0
424,424,56.0,29.0
425,425,56.0,29.0
426,426,56.0,29.0
427,427,56.0,29.0
428,428,56.0,29.0
429,429,56.0,29.0
430,430,56.0,29.0
431,431,56.0,29.0
432,432,56.0,29.0
433,433,56.0,29.0
434,434,56.0,29.0
435,435,57.0,30.0
436,436,60.0,29.0
437,437,56.0,29.0
438,438,56.0,29.0
439,439,56.0,29.0
440,440,56.0,29.0
441,441,56.0,29.0
442,442,56.0,29.0
443,443,56.0,29.0
444,444,56.0,29.0
445,445,56.0,29.0
446,446,56.0,29.0
447,447,56.0,29.0
448,448,56.0,29.0
449,449,56.0,29.0
450,450,56.0,29.0
451,451,56.0,29.0
452,452,58.0,31.0
453,453,56.0,29.0
454,454,56.0,29.0
455,455,55.0,31.0
456,456,56.0,29.0
457,457,56.0,29.0
458,458,56.0,29.0
459,459,56.0,29.0
460,460,56.0,29.0
461,461,56.0,29.0
462,462,56.0,29.0
463,463,56.0,29.0
464,464,55.0,27.0
465,465,56.0,29.0
466,466,56.0,29.0
467,467,56.0,29.0
468,468,56.0,29.0
469,469,56.0,29.0
470,470,57.0,30.0
471,471,56.0,29.0
472,472,56.0,29.0
473,473,56.0,29.0
474,474,56.0,29.0
475,475,56.0,29.0
476,476,56.0,29.0
477,477,56.0,29.0
478,478,56.0,29.0
479,479,56.0,29.0
480,480,56.0,29.0
481,481,56.0,29.0
482,482,56.0,29.0
483,483,56.0,29.0
484,484,56.0,29.0
485,485,56.0,29.0
486,486,56.0,29.0
487,487,56.0,29.0
488,488,56.0,29.0
489,489,56.0,29.0
490,490,56.0,29.0
491,491,56.0,29.0
492,492,56.0,29.0
493,493,56.0,29.0
494,494,56.0,29.0
495,495,56.0,29.0
496,496,56.0,29.0
497,497,56.0,29.0
498,498,56.0,29.0
499,499,56.0,29.0
500,500,56.0,29.0
501,501,56.0,29.0
502,502,56.0,29.0
503,503,56.0,29.0
504,504,56.0,29.0
505,505,56.0,29.0
506,506,56.0,29.0
507,507,56.0,29.0
508,508,56.0,29.0
509,509,56.0,29.0
510,510,56.0,29.0
511,511,56.0,29.0
512,512,56.0,29.0
513,513,56.0,29.0
514,514,56.0,29.0
515,515,56.0,29.0
516,516,56.0,29.0
517,517,56.0,29.0
518,518,56.0,29.0
519,519,56.0,29.0
520,520,56.0,29.0
521,521,56.0,29.0
522,522,56.0,29.0
523,523,56.0,29.0
524,524,56.0,29.0
525,525,56.0,29.0
526,526,56.0,29.0
527,527,56.0,29.0
528,528,56.0,29.0
529,529,56.0,29.0
530,530,53.0,29.0
531,531,56.0,29.0
532,532,56.0,29.0
533,533,56.0,29.0
534,534,56.0,29.0
535,535,56.0,29.0
536,536,56.0,28.0
537,537,56.0,29.0
538,538,56.0,29.0
539,539,56.0,29.0
540,540,56.0,29.0
541,541,56.0,29.0
542,542,56.0,29.0
543,543,56.0,29.0
544,544,55.0,31.0
545,545,56.0,29.0
546,546,56.0,29.0
547,547,56.0,29.0
548,548,56.0,29.0
549,549,56.0,29.0
550,550,56.0,29.0
551,551,56.0,29.0
552,552,56.0,29.0
553,553,56.0,29.0
554,554,56.0,29.0
555,555,56.0,29.0
556,556,56.0,29.0
557,557,56.0,29.0
558,558,56.0,29.0
559,559,56.0,29.0
560,560,56.0,29.0
561,561,56.0,29.0
562,562,56.0,29.0
563,563,56.0,29.0
564,564,56.0,29.0
565,565,57.0,29.0
566,566,56.0,29.0
567,567,56.0,29.0
568,568,56.0,29.0
569,569,56.0,29.0
570,570,56.0,29.0
571,571,56.0,29.0
572,572,56.0,29.0
573,573,56.0,29.0
574,574,56.0,29.0
575,575,55.0,31.0
576,576,56.0,29.0
577,577,51.0,33.0
578,578,56.0,29.0
579,579,56.0,29.0
580,580,56.0,29.0
581,581,56.0,29.0
582,582,56.0,29.0
583,583,56.0,29.0
584,584,56.0,29.0
585,585,56.0,29.0
586,586,56.0,29.0
587,587,56.0,33.0
588,588,56.0,29.0
589,589,56.0,29.0
590,590,56.0,29.0
591,591,56.0,29.0
592,592,56.0,29.0
593,593,56.0,29.0
594,594,56.0,29.0
595,595,56.0,29.0
596,596,56.0,29.0
597,597,56.0,29.0
598,598,56.0,29.0
599,599,56.0,29.0
600,600,56.0,29.0
601,601,56.0,29.0
602,602,56.0,29.0
603,603,56.0,29.0
604,604,56.0,29.0
605,605,56.0,29.0
606,606,56.0,29.0
607,607,53.0,29.0
608,608,56.0,29.0
609,609,56.0,29.0
610,610,56.0,29.0
611,611,56.0,29.0
612,612,56.0,29.0
613,613,56.0,29.0
614,614,56.0,29.0
615,615,56.0,29.0
616,616,56.0,29.0
617,617,56.0,29.0
618,618,56.0,29.0
619,619,56.0,29.0
620,620,56.0,29.0
621,621,56.0,29.0
622,622,56.0,29.0
623,623,56.0,29.0
624,624,56.0,29.0
625,625,56.0,29.0
626,626,56.0,29.0
627,627,56.0,29.0
628,628,56.0,29.0
629,629,56.0,29.0
630,630,56.0,29.0
631,631,56.0,29.0
632,632,56.0,29.0
633,633,56.0,29.0
634,634,56.0,29.0
635,635,56.0,29.0
636,636,56.0,29.0
637,637,56.0,29.0
638,638,56.0,29.0
639,639,56.0,29.0
640,640,56.0,29.0
641,641,56.0,29.0
642,642,56.0,29.0
643,643,56.0,29.0
644,644,56.0,29.0
645,645,56.0,29.0
646,646,56.0,29.0
647,647,56.0,29.0
648,648,56.0,29.0
649,649,56.0,29.0
650,650,56.0,29.0
651,651,56.0,29.0
652,652,56.0,29.0
653,653,56.0,29.0
654,654,56.0,29.0
655,655,56.0,29.0
656,656,56.0,29.0
657,657,56.0,29.0
658,658,56.0,29.0
659,659,58.0,28.0
660,660,56.0,29.0
661,661,56.0,29.0
662,662,56.0,29.0
663,663,56.0,29.0
664,664,56.0,29.0
665,665,56.0,29.0
666,666,56.0,29.0
667,667,56.0,29.0
668,668,56.0,29.0
669,669,56.0,29.0
670,670,56.0,29.0
671,671,56.0,29.0
672,672,56.0,29.0
673,673,56.0,29.0
674,674,56.0,29.0
675,675,56.0,29.0
676,676,56.0,29.0
677,677,56.0,29.0
678,678,56.0,29.0
679,679,56.0,29.0
680,680,56.0,29.0
681,681,56.0,29.0
682,682,56.0,29.0
683,683,58.0,26.0
684,684,56.0,29.0
685,685,56.0,29.0
686,686,56.0,29.0
687,687,56.0,29.0
688,688,56.0,29.0
689,689,56.0,29.0
690,690,56.0,29.0
691,691,56.0,29.0
692,692,56.0,29.0
693,693,56.0,29.0
694,694,56.0,29.0
695,695,56.0,29.0
696,696,56.0,29.0
697,697,56.0,29.0
698,698,56.0,29.0
699,699,56.0,29.0
700,700,56.0,29.0
701,701,56.0,29.0
702,702,56.0,29.0
703,703,56.0,29.0
704,704,56.0,29.0
705,705,56.0,29.0
706,706,56.0,29.0
707,707,56.0,29.0
708,708,56.0,29.0
709,709,56.0,29.0
710,710,56.0,29.0
711,711,56.0,29.0
712,712,56.0,29.0
713,713,56.0,29.0
714,714,56.0,29.0
715,715,56.0,29.0
716,716,56.0,29.0
717,717,56.0,29.0
718,718,56.0,29.0
719,719,56.0,29.0
720,720,56.0,29.0
721,721,56.0,29.0
722,722,56.0,29.0
723,723,56.0,29.0
724,724,56.0,29.0
725,725,56.0,29.0
726,726,56.0,29.0
727,727,56.0,29.0
728,728,56.0,29.0
729,729,56.0,29.0
730,730,56.0,29.0
731,731,56.0,29.0
732,732,56.0,29.0
733,733,56.0,29.0
734,734,56.0,29.0
735,735,56.0,29.0
736,736,56.0,29.0
737,737,57.0,30.0
738,738,56.0,29.0
739,739,56.0,29.0
740,740,56.0,29.0
741,741,56.0,29.0
742,742,56.0,29.0
743,743,56.0,29.0
744,744,56.0,28.0
745,745,56.0,29.0
746,746,56.0,29.0
747,747,56.0,29.0
748,748,56.0,29.0
749,749,56.0,29.0
750,750,56.0,29.0
751,751,56.0,29.0
752,752,56.0,29.0
753,753,56.0,29.0
754,754,56.0,29.0
755,755,56.0,29.0
756,756,56.0,29.0
757,757,56.0,29.0
758,758,56.0,29.0
759,759,56.0,29.0
760,760,56.0,29.0
761,761,56.0,29.0
762,762,56.0,29.0
763,763,56.0,29.0
764,764,56.0,29.0
765,765,56.0,29.0
766,766,56.0,29.0
767,767,56.0,29.0
768,768,56.0,29.0
769,769,56.0,29.0
770,770,56.0,29.0
771,771,56.0,29.0
772,772,56.0,29.0
773,773,56.0,29.0
774,774,56.0,29.0
775,775,56.0,29.0
776,776,56.0,29.0
777,777,56.0,29.0
778,778,56.0,29.0
779,779,56.0,29.0
780,780,56.0,29.0
781,781,53.0,30.0
782,782,56.0,29.0
783,783,56.0,29.0
784,784,55.0,32.0
785,785,56.0,29.0
786,786,56.0,29.0
787,787,56.0,29.0
788,788,56.0,29.0
789,789,56.0,29.0
790,790,56.0,29.0
791,791,56.0,29.0
792,792,56.0,29.0
793,793,56.0,29.0
794,794,56.0,29.0
795,795,56.0,29.0
796,796,56.0,29.0
797,797,56.0,29.0
798,798,56.0,29.0
799,799,56.0,29.0
800,800,56.0,29.0
801,801,56.0,29.0
802,802,56.0,29.0
803,803,56.0,29.0
804,804,56.0,29.0
805,805,56.0,29.0
806,806,55.0,32.0
807,807,56.0,29.0
808,808,56.0,32.0
809,809,56.0,29.0
810,810,56.0,29.0
811,811,56.0,29.0
812,812,56.0,29.0
813,813,56.0,29.0
814,814,64.0,33.0
815,815,56.0,29.0
816,816,56.0,29.0
817,817,56.0,29.0
818,818,56.0,29.0
819,819,56.0,29.0
820,820,56.0,29.0
821,821,56.0,29.0
822,822,56.0,29.0
823,823,56.0,29.0
824,824,56.0,29.0
825,825,56.0,29.0
826,826,56.0,29.0
827,827,56.0,29.0
828,828,56.0,29.0
829,829,56.0,29.0
830,830,56.0,29.0
831,831,56.0,29.0
832,832,56.0,29.0
833,833,56.0,29.0
834,834,56.0,29.0
835,835,56.0,29.0
836,836,56.0,29.0
837,837,56.0,29.0
838,838,56.0,29.0
839,839,56.0,29.0
840,840,56.0,29.0
841,841,56.0,29.0
842,842,56.0,29.0
843,843,56.0,29.0
844,844,56.0,29.0
845,845,56.0,29.0
846,846,56.0,29.0
847,847,56.0,29.0
848,848,56.0,29.0
849,849,56.0,29.0
850,850,56.0,29.0
851,851,56.0,29.0
852,852,56.0,29.0
853,853,56.0,29.0
854,854,56.0,29.0
855,855,56.0,29.0
856,856,56.0,29.0
857,857,56.0,29.0
858,858,56.0,29.0
859,859,56.0,29.0
860,860,56.0,29.0
861,861,56.0,29.0
862,862,56.0,29.0
863,863,56.0,29.0
864,864,56.0,29.0
865,865,56.0,29.0
866,866,56.0,29.0
867,867,56.0,29.0
868,868,56.0,29.0
869,869,56.0,29.0
870,870,56.0,29.0
871,871,56.0,29.0
872,872,56.0,29.0
873,873,56.0,29.0
874,874,56.0,29.0
875,875,56.0,29.0
876,876,56.0,29.0
877,877,56.0,29.0
878,878,56.0,29.0
879,879,56.0,29.0
880,880,56.0,29.0
881,881,56.0,29.0
882,882,56.0,29.0
883,883,56.0,29.0
884,884,56.0,30.0
885,885,56.0,29.0
886,886,56.0,29.0
887,887,56.0,29.0
888,888,56.0,29.0
889,889,56.0,29.0
890,890,56.0,29.0
891,891,56.0,29.0
892,892,56.0,29.0
893,893,56.0,29.0
894,894,56.0,29.0
895,895,56.0,29.0
896,896,56.0,29.0
897,897,56.0,29.0
898,898,56.0,29.0
899,899,56.0,29.0
900,900,56.0,29.0
901,901,56.0,29.0
902,902,56.0,29.0
903,903,56.0,29.0
904,904,56.0,29.0
905,905,56.0,29.0
906,906,56.0,29.0
907,907,56.0,29.0
908,908,56.0,29.0
909,909,56.0,29.0
910,910,56.0,29.0
911,911,56.0,29.0
912,912,56.0,29.0
913,913,56.0,29.0
914,914,56.0,29.0
915,915,56.0,29.0
916,916,56.0,29.0
917,917,56.0,29.0
918,918,56.0,29.0
919,919,56.0,29.0
920,920,56.0,29.0
921,921,56.0,29.0
922,922,56.0,29.0
923,923,56.0,29.0
924,924,56.0,29.0
925,925,56.0,29.0
926,926,56.0,29.0
927,927,56.0,29.0
928,928,56.0,29.0
929,929,56.0,29.0
930,930,56.0,29.0
931,931,56.0,29.0
932,932,56.0,29.0
933,933,56.0,29.0
934,934,56.0,29.0
935,935,56.0,29.0
936,936,56.0,29.0
937,937,56.0,29.0
938,938,56.0,29.0
939,939,56.0,29.0
940,940,56.0,29.0
941,941,56.0,29.0
942,942,56.0,29.0
943,943,56.0,29.0
944,944,56.0,29.0
945,945,56.0,29.0
946,946,56.0,29.0
947,947,56.0,29.0
948,948,56.0,29.0
949,949,56.0,29.0
950,950,56.0,29.0
951,951,56.0,29.0
952,952,56.0,29.0
953,953,56.0,29.0
954,954,56.0,29.0
955,955,56.0,29.0
956,956,56.0,29.0
957,957,56.0,29.0
958,958,56.0,29.0
959,959,56.0,29.0
960,960,56.0,29.0
961,961,56.0,29.0
962,962,56.0,29.0
963,963,56.0,29.0
964,964,56.0,29.0
965,965,56.0,29.0
966,966,56.0,29.0
967,967,56.0,29.0
968,968,56.0,29.0
969,969,56.0,29.0
970,970,56.0,29.0
971,971,56.0,29.0
972,972,56.0,29.0
973,973,56.0,29.0
974,974,56.0,29.0
975,975,56.0,29.0
976,976,56.0,29.0
977,977,56.0,29.0
978,978,56.0,29.0
979,979,56.0,29.0
980,980,56.0,29.0
981,981,56.0,29.0
982,982,56.0,29.0
983,983,56.0,29.0
984,984,56.0,29.0
985,985,56.0,29.0
986,986,56.0,29.0
987,987,56.0,29.0
988,988,56.0,29.0
989,989,56.0,29.0
990,990,56.0,29.0
991,991,56.0,29.0
992,992,56.0,29.0
993,993,56.0,29.0
994,994,56.0,29.0
995,995,56.0,29.0
996,996,56.0,29.0
997,997,56.0,29.0
998,998,56.0,29.0
999,999,56.0,29.0
1000,1000,56.0,29.0
1001,1001,56.0,29.0
1002,1002,56.0,29.0
1003,1003,56.0,29.0
1004,1004,56.0,29.0
1005,1005,56.0,29.0
1006,1006,56.0,29.0
1007,1007,53.0,32.0
1008,1008,56.0,29.0
1009,1009,56.0,29.0
1010,1010,56.0,29.0
1011,1011,56.0,29.0
1012,1012,56.0,29.0
1013,1013,56.0,29.0
1014,1014,56.0,29.0
1015,1015,56.0,29.0
1016,1016,56.0,29.0
1017,1017,56.0,29.0
1018,1018,56.0,29.0
1019,1019,56.0,29.0
1020,1020,56.0,29.0
1021,1021,56.0,29.0
1022,1022,56.0,32.0
1023,1023,56.0,29.0
1024,1024,56.0,29.0
1025,1025,56.0,29.0
1026,1026,56.0,29.0
1027,1027,56.0,29.0
1028,1028,56.0,29.0
1029,1029,56.0,29.0
1030,1030,56.0,29.0
1031,1031,56.0,29.0
1032,1032,56.0,29.0
1033,1033,56.0,29.0
1034,1034,56.0,29.0
1035,1035,56.0,29.0
1036,1036,56.0,29.0
1037,1037,56.0,29.0
1038,1038,56.0,29.0
1039,1039,56.0,29.0
1040,1040,56.0,29.0
1041,1041,56.0,29.0
1042,1042,56.0,29.0
1043,1043,56.0,29.0
1044,1044,56.0,29.0
1045,1045,56.0,29.0
1046,1046,56.0,29.0
1047,1047,56.0,29.0
1048,1048,56.0,29.0
1049,1049,56.0,29.0
1050,1050,56.0,29.0
1051,1051,56.0,29.0
1052,1052,56.0,29.0
1053,1053,56.0,29.0
1054,1054,56.0,29.0
1055,1055,56.0,29.0
1056,1056,56.0,29.0
1057,1057,56.0,29.0
1058,1058,56.0,29.0
1059,1059,56.0,29.0
1060,1060,56.0,29.0
1061,1061,60.0,28.0
1062,1062,56.0,29.0
1063,1063,56.0,29.0
1064,1064,56.0,29.0
1065,1065,56.0,29.0
1066,1066,56.0,29.0
1067,1067,56.0,29.0
1068,1068,56.0,29.0
1069,1069,56.0,29.0
1070,1070,56.0,29.0
1071,1071,56.0,29.0
1072,1072,56.0,29.0
1073,1073,56.0,29.0
1074,1074,56.0,29.0
1075,1075,56.0,29.0
1076,1076,56.0,29.0
1077,1077,56.0,29.0
1078,1078,56.0,29.0
1079,1079,56.0,29.0
1080,1080,56.0,29.0
1081,1081,56.0,29.0
1082,1082,56.0,29.0
1083,1083,56.0,29.0
1084,1084,56.0,29.0
1085,1085,56.0,29.0
1086,1086,56.0,29.0
1087,1087,56.0,29.0
1088,1088,56.0,29.0
1089,1089,56.0,29.0
1090,1090,56.0,29.0
1091,1091,56.0,29.0
1092,1092,56.0,29.0
1093,1093,56.0,29.0
1094,1094,56.0,29.0
1095,1095,56.0,29.0
1096,1096,56.0,29.0
1097,1097,56.0,29.0
1098,1098,56.0,29.0
1099,1099,56.0,29.0
1100,1100,56.0,29.0
1101,1101,56.0,29.0
1102,1102,56.0,29.0
1103,1103,56.0,29.0
1104,1104,56.0,29.0
1105,1105,56.0,29.0
1106,1106,58.0,31.0
1107,1107,56.0,29.0
1108,1108,56.0,29.0
1109,1109,56.0,29.0
1110,1110,56.0,29.0
1111,1111,56.0,29.0
1112,1112,56.0,29.0
1113,1113,56.0,29.0
1114,1114,56.0,29.0
1115,1115,56.0,29.0
1116,1116,56.0,29.0
1117,1117,56.0,29.0
1118,1118,56.0,29.0
1119,1119,56.0,29.0
1120,1120,56.0,29.0
1121,1121,56.0,29.0
1122,1122,56.0,29.0
1123,1123,56.0,29.0
1124,1124,56.0,29.0
1125,1125,63.0,21.0
1126,1126,56.0,29.0
1127,1127,56.0,29.0
1128,1128,56.0,29.0
1129,1129,56.0,29.0
1130,1130,56.0,29.0
1131,1131,56.0,29.0
1132,1132,56.0,29.0
1133,1133,56.0,29.0
1134,1134,56.0,29.0
1135,1135,56.0,29.0
1136,1136,56.0,29.0
1137,1137,56.0,29.0
1138,1138,56.0,29.0
1139,1139,56.0,31.0
1140,1140,56.0,29.0
1141,1141,56.0,29.0
1142,1142,56.0,29.0
1143,1143,56.0,29.0
1144,1144,56.0,29.0
1145,1145,56.0,29.0
1146,1146,56.0,29.0
1147,1147,56.0,29.0
1148,1148,56.0,29.0
1149,1149,56.0,29.0
1150,1150,56.0,29.0
1151,1151,56.0,29.0
1152,1152,56.0,29.0
1153,1153,56.0,29.0
1154,1154,56.0,29.0
1155,1155,56.0,29.0
1156,1156,56.0,29.0
1157,1157,56.0,29.0
1158,1158,56.0,29.0
1159,1159,56.0,29.0
1160,1160,56.0,29.0
1161,1161,56.0,29.0
1162,1162,56.0,29.0
1163,1163,56.0,29.0
1164,1164,56.0,29.0
1165,1165,56.0,31.0
1166,1166,56.0,29.0
1167,1167,56.0,29.0
1168,1168,56.0,29.0
1169,1169,56.0,29.0
1170,1170,56.0,29.0
1171,1171,56.0,29.0
1172,1172,56.0,29.0
1173,1173,56.0,29.0
1174,1174,56.0,29.0
1175,1175,56.0,29.0
1176,1176,56.0,29.0
1177,1177,56.0,29.0
1178,1178,56.0,29.0
1179,1179,56.0,29.0
1180,1180,56.0,29.0
1181,1181,56.0,29.0
1182,1182,55.0,31.0
1183,1183,56.0,29.0
1184,1184,56.0,29.0
1185,1185,56.0,29.0
1186,1186,56.0,29.0
1187,1187,56.0,29.0
1188,1188,56.0,29.0
1189,1189,56.0,29.0
1190,1190,56.0,29.0
1191,1191,56.0,29.0
1192,1192,56.0,29.0
1193,1193,56.0,29.0
1194,1194,56.0,29.0
1195,1195,56.0,29.0
1196,1196,56.0,29.0
1197,1197,56.0,29.0
1198,1198,56.0,29.0
1199,1199,56.0,29.0
1200,1200,56.0,29.0
1201,1201,57.0,25.0
1202,1202,56.0,29.0
1203,1203,56.0,29.0
1204,1204,56.0,29.0
1205,1205,56.0,29.0
1206,1206,56.0,29.0
1207,1207,56.0,29.0
1208,1208,56.0,29.0
1209,1209,56.0,29.0
1210,1210,56.0,29.0
1211,1211,56.0,29.0
1212,1212,56.0,29.0
1213,1213,56.0,29.0
1214,1214,56.0,29.0
1215,1215,56.0,29.0
1216,1216,56.0,29.0
1217,1217,56.0,29.0
1218,1218,56.0,29.0
1219,1219,56.0,29.0
1220,1220,56.0,29.0
1221,1221,56.0,29.0
1222,1222,56.0,29.0
1223,1223,56.0,29.0
1224,1224,56.0,29.0
1225,1225,56.0,29.0
1226,1226,56.0,29.0
1227,1227,56.0,29.0
1228,1228,56.0,29.0
1229,1229,56.0,29.0
1230,1230,56.0,29.0
1231,1231,56.0,29.0
1232,1232,56.0,29.0
1233,1233,56.0,29.0
1234,1234,56.0,29.0
1235,1235,56.0,29.0
1236,1236,56.0,29.0
1237,1237,56.0,29.0
1238,1238,56.0,29.0
1239,1239,56.0,29.0
1240,1240,56.0,29.0
1241,1241,56.0,29.0
1242,1242,56.0,29.0
1243,1243,56.0,29.0
1244,1244,56.0,29.0
1245,1245,56.0,29.0
1246,1246,56.0,29.0
1247,1247,56.0,29.0
1248,1248,56.0,29.0
1249,1249,56.0,29.0
1250,1250,56.0,29.0
1251,1251,56.0,29.0
1252,1252,56.0,29.0
1253,1253,56.0,29.0
1254,1254,56.0,29.0
1255,1255,56.0,29.0
1256,1256,56.0,29.0
1257,1257,56.0,29.0
1258,1258,56.0,29.0
1259,1259,56.0,29.0
1260,1260,56.0,29.0
1261,1261,56.0,29.0
1262,1262,56.0,29.0
1263,1263,56.0,31.0
1264,1264,56.0,29.0
1265,1265,56.0,29.0
1266,1266,56.0,29.0
1267,1267,56.0,29.0
1268,1268,56.0,29.0
1269,1269,56.0,29.0
1270,1270,56.0,29.0
1271,1271,56.0,29.0
1272,1272,56.0,29.0
1273,1273,56.0,29.0
1274,1274,56.0,29.0
1275,1275,56.0,29.0
1276,1276,56.0,29.0
1277,1277,56.0,29.0
1278,1278,56.0,29.0
1279,1279,56.0,29.0
1280,1280,56.0,29.0
1281,1281,56.0,29.0
1282,1282,56.0,29.0
1283,1283,56.0,29.0
1284,1284,56.0,29.0
1285,1285,56.0,29.0
1286,1286,56.0,29.0
1287,1287,56.0,29.0
1288,1288,56.0,29.0
1289,1289,56.0,29.0
1290,1290,56.0,29.0
1291,1291,56.0,29.0
1292,1292,56.0,29.0
1293,1293,56.0,29.0
1294,1294,56.0,29.0
1295,1295,56.0,29.0
1296,1296,56.0,29.0
1297,1297,56.0,29.0
1298,1298,56.0,29.0
1299,1299,56.0,29.0
1300,1300,56.0,29.0
1301,1301,56.0,29.0
1302,1302,56.0,29.0
1303,1303,56.0,29.0
1304,1304,56.0,29.0
1305,1305,56.0,29.0
1306,1306,56.0,29.0
1307,1307,56.0,29.0
1308,1308,56.0,29.0
1309,1309,56.0,29.0
1310,1310,56.0,29.0
1311,1311,56.0,29.0
1312,1312,56.0,29.0
1313,1313,56.0,29.0
1314,1314,56.0,29.0
1315,1315,56.0,29.0
1316,1316,56.0,29.0
1317,1317,56.0,29.0
1318,1318,56.0,29.0
1319,1319,56.0,29.0
1320,1320,56.0,29.0
1321,1321,56.0,29.0
1322,1322,56.0,29.0
1323,1323,56.0,29.0
1324,1324,56.0,29.0
1325,1325,56.0,29.0
1326,1326,56.0,29.0
1327,1327,56.0,29.0
1328,1328,56.0,29.0
1329,1329,56.0,29.0
1330,1330,56.0,29.0
1331,1331,56.0,29.0
1332,1332,56.0,29.0
1333,1333,56.0,29.0
1334,1334,56.0,29.0
1335,1335,56.0,29.0
1336,1336,56.0,29.0
1337,1337,56.0,29.0
1338,1338,56.0,29.0
1339,1339,56.0,29.0
1340,1340,56.0,29.0
1341,1341,56.0,29.0
1342,1342,56.0,29.0
1343,1343,56.0,29.0
1344,1344,56.0,29.0
1345,1345,56.0,29.0
1346,1346,56.0,29.0
1347,1347,56.0,29.0
1348,1348,56.0,29.0
1349,1349,56.0,29.0
1350,1350,56.0,29.0
1351,1351,56.0,29.0
1352,1352,56.0,29.0
1353,1353,56.0,29.0
1354,1354,56.0,29.0
1355,1355,56.0,29.0
1356,1356,56.0,29.0
1357,1357,56.0,29.0
1358,1358,56.0,29.0
1359,1359,56.0,29.0
1360,1360,56.0,29.0
1361,1361,56.0,29.0
1362,1362,56.0,29.0
1363,1363,56.0,29.0
1364,1364,56.0,29.0
1365,1365,56.0,29.0
1366,1366,64.0,33.0
1367,1367,56.0,29.0
1368,1368,56.0,29.0
1369,1369,56.0,29.0
1370,1370,56.0,29.0
1371,1371,56.0,29.0
1372,1372,56.0,29.0
1373,1373,56.0,29.0
1374,1374,56.0,29.0
1375,1375,56.0,29.0
1376,1376,56.0,29.0
1377,1377,55.0,27.0
1378,1378,56.0,29.0
1379,1379,56.0,29.0
1380,1380,56.0,29.0
1381,1381,56.0,29.0
1382,1382,56.0,29.0
1383,1383,56.0,29.0
1384,1384,56.0,29.0
1385,1385,56.0,29.0
1386,1386,56.0,29.0
1387,1387,56.0,29.0
1388,1388,56.0,29.0
1389,1389,56.0,29.0
1390,1390,56.0,29.0
1391,1391,56.0,29.0
1392,1392,56.0,29.0
1393,1393,56.0,29.0
1394,1394,56.0,29.0
1395,1395,56.0,29.0
1396,1396,56.0,29.0
1397,1397,56.0,29.0
1398,1398,56.0,29.0
1399,1399,56.0,29.0
1400,1400,56.0,29.0
1401,1401,56.0,29.0
1402,1402,56.0,29.0
1403,1403,56.0,29.0
1404,1404,56.0,29.0
1405,1405,56.0,29.0
1406,1406,56.0,29.0
1407,1407,56.0,29.0
1408,1408,56.0,29.0
1409,1409,56.0,29.0
1410,1410,56.0,29.0
1411,1411,56.0,29.0
1412,1412,56.0,29.0
1413,1413,56.0,29.0
1414,1414,56.0,29.0
1415,1415,56.0,29.0
1416,1416,56.0,29.0
1417,1417,56.0,29.0
1418,1418,56.0,29.0
1419,1419,56.0,29.0
1420,1420,56.0,29.0
1421,1421,56.0,29.0
1422,1422,56.0,29.0
1423,1423,56.0,29.0
1424,1424,56.0,29.0
1425,1425,56.0,29.0
1426,1426,56.0,29.0
1427,1427,56.0,29.0
1428,1428,56.0,29.0
1429,1429,56.0,29.0
1430,1430,56.0,29.0
1431,1431,56.0,29.0
1432,1432,56.0,29.0
1433,1433,56.0,29.0
1434,1434,56.0,29.0
1435,1435,56.0,29.0
1436,1436,56.0,29.0
1437,1437,56.0,29.0
1438,1438,56.0,29.0
1439,1439,56.0,29.0
1440,1440,56.0,29.0
1441,1441,56.0,29.0
1442,1442,56.0,29.0
1443,1443,56.0,29.0
1444,1444,56.0,29.0
1445,1445,56.0,29.0
1446,1446,56.0,29.0
1447,1447,56.0,29.0
1448,1448,56.0,29.0
1449,1449,56.0,29.0
1450,1450,56.0,29.0
1451,1451,56.0,29.0
1452,1452,53.0,29.0
1453,1453,56.0,29.0
1454,1454,56.0,29.0
1455,1455,56.0,29.0
1456,1456,56.0,29.0
1457,1457,57.0,30.0
1458,1458,56.0,29.0
1459,1459,56.0,29.0
1460,1460,56.0,29.0
1461,1461,56.0,29.0
1462,1462,56.0,29.0
1463,1463,56.0,29.0
1464,1464,56.0,29.0
1465,1465,56.0,29.0
1466,1466,56.0,29.0
1467,1467,56.0,29.0
1468,1468,56.0,29.0
1469,1469,56.0,29.0
1470,1470,56.0,29.0
1471,1471,56.0,29.0
1472,1472,56.0,29.0
1473,1473,56.0,29.0
1474,1474,56.0,29.0
1475,1475,56.0,29.0
1476,1476,56.0,29.0
1477,1477,56.0,29.0
1478,1478,56.0,29.0
1479,1479,56.0,29.0
1480,1480,56.0,29.0
1481,1481,56.0,29.0
1482,1482,56.0,29.0
1483,1483,56.0,29.0
1484,1484,56.0,29.0
1485,1485,56.0,29.0
1486,1486,56.0,29.0
1487,1487,56.0,29.0
1488,1488,56.0,29.0
1489,1489,56.0,29.0
1490,1490,56.0,29.0
1491,1491,56.0,29.0
1492,1492,56.0,29.0
1493,1493,56.0,29.0
1494,1494,56.0,29.0
1495,1495,56.0,29.0
1496,1496,56.0,29.0
1497,1497,56.0,29.0
1498,1498,56.0,29.0
1499,1499,56.0,29.0
1500,1500,56.0,29.0
1501,1501,56.0,29.0
1502,1502,56.0,29.0
1503,1503,56.0,29.0
1504,1504,56.0,29.0
1505,1505,56.0,29.0
1506,1506,56.0,29.0
1507,1507,56.0,29.0
1508,1508,56.0,29.0
1509,1509,56.0,29.0
1510,1510,56.0,29.0
1511,1511,56.0,29.0
1512,1512,56.0,29.0
1513,1513,56.0,30.0
1514,1514,56.0,29.0
1515,1515,56.0,29.0
1516,1516,56.0,29.0
1517,1517,56.0,29.0
1518,1518,56.0,29.0
1519,1519,56.0,29.0
1520,1520,56.0,29.0
1521,1521,56.0,29.0
1522,1522,56.0,29.0
1523,1523,56.0,29.0
1524,1524,56.0,29.0
1525,1525,56.0,29.0
1526,1526,56.0,29.0
1527,1527,56.0,29.0
1528,1528,56.0,29.0
1529,1529,56.0,29.0
1530,1530,56.0,29.0
1531,1531,56.0,29.0
1532,1532,56.0,29.0
1533,1533,56.0,29.0
1534,1534,56.0,29.0
1535,1535,56.0,29.0
1536,1536,56.0,29.0
1537,1537,56.0,29.0
1538,1538,56.0,29.0
1539,1539,54.0,30.0
1540,1540,56.0,29.0
1541,1541,56.0,29.0
1542,1542,56.0,29.0
1543,1543,56.0,29.0
1544,1544,56.0,29.0
1545,1545,56.0,29.0
1546,1546,56.0,29.0
1547,1547,56.0,29.0
1548,1548,56.0,29.0
1549,1549,56.0,29.0
1550,1550,56.0,29.0
1551,1551,56.0,29.0
1552,1552,56.0,29.0
1553,1553,56.0,29.0
1554,1554,56.0,29.0
1555,1555,56.0,29.0
1556,1556,56.0,29.0
1557,1557,56.0,29.0
1558,1558,56.0,29.0
1559,1559,56.0,29.0
1560,1560,56.0,29.0
1561,1561,56.0,29.0
1562,1562,56.0,29.0
1563,1563,56.0,29.0
1564,1564,56.0,29.0
1565,1565,56.0,29.0
1566,1566,56.0,29.0
1567,1567,56.0,29.0
1568,1568,56.0,29.0
1569,1569,56.0,29.0
1570,1570,56.0,29.0
1571,1571,56.0,29.0
1572,1572,56.0,29.0
1573,1573,56.0,29.0
1574,1574,56.0,29.0
1575,1575,56.0,29.0
1576,1576,56.0,29.0
1577,1577,56.0,28.0
1578,1578,56.0,29.0
1579,1579,56.0,29.0
1580,1580,56.0,29.0
1581,1581,56.0,29.0
1582,1582,54.0,29.0
1583,1583,56.0,29.0
1584,1584,56.0,29.0
1585,1585,56.0,29.0
1586,1586,56.0,29.0
1587,1587,56.0,29.0
1588,1588,56.0,29.0
1589,1589,56.0,29.0
1590,1590,56.0,29.0
1591,1591,56.0,29.0
1592,1592,56.0,29.0
1593,1593,56.0,29.0
1594,1594,56.0,29.0
1595,1595,56.0,29.0
1596,1596,56.0,29.0
1597,1597,56.0,29.0
1598,1598,56.0,29.0
1599,1599,56.0,29.0
1600,1600,56.0,29.0
1601,1601,56.0,29.0
1602,1602,56.0,29.0
1603,1603,56.0,29.0
1604,1604,56.0,29.0
1605,1605,56.0,29.0
1606,1606,56.0,29.0
1607,1607,56.0,29.0
1608,1608,56.0,29.0
1609,1609,56.0,29.0
1610,1610,56.0,29.0
1611,1611,53.0,29.0
1612,1612,56.0,29.0
1613,1613,56.0,29.0
1614,1614,56.0,29.0
1615,1615,56.0,29.0
1616,1616,56.0,29.0
1617,1617,56.0,29.0
1618,1618,56.0,29.0
1619,1619,56.0,29.0
1620,1620,56.0,29.0
1621,1621,56.0,29.0
1622,1622,56.0,29.0
1623,1623,56.0,29.0
1624,1624,56.0,29.0
1625,1625,56.0,29.0
1626,1626,56.0,29.0
1627,1627,56.0,29.0
1628,1628,56.0,29.0
1629,1629,56.0,29.0
1630,1630,56.0,29.0
1631,1631,56.0,29.0
1632,1632,56.0,29.0
1633,1633,56.0,29.0
1634,1634,56.0,29.0
1635,1635,56.0,29.0
1636,1636,56.0,29.0
1637,1637,56.0,29.0
1638,1638,56.0,29.0
1639,1639,56.0,29.0
1640,1640,56.0,29.0
1641,1641,56.0,29.0
1642,1642,56.0,29.0
1643,1643,56.0,29.0
1644,1644,56.0,29.0
1645,1645,56.0,29.0
1646,1646,56.0,31.0
1647,1647,56.0,29.0
1648,1648,56.0,29.0
1649,1649,56.0,29.0
1650,1650,56.0,29.0
1651,1651,56.0,29.0
1652,1652,56.0,29.0
1653,1653,56.0,29.0
1654,1654,56.0,29.0
1655,1655,56.0,29.0
1656,1656,56.0,29.0
1657,1657,56.0,29.0
1658,1658,56.0,29.0
1659,1659,56.0,29.0
1660,1660,56.0,29.0
1661,1661,56.0,29.0
1662,1662,56.0,29.0
1663,1663,56.0,29.0
1664,1664,56.0,29.0
1665,1665,56.0,29.0
1666,1666,56.0,29.0
1667,1667,56.0,29.0
1668,1668,55.0,31.0
1669,1669,56.0,29.0
1670,1670,56.0,29.0
1671,1671,56.0,29.0
1672,1672,56.0,29.0
1673,1673,56.0,29.0
1674,1674,56.0,29.0
1675,1675,56.0,29.0
1676,1676,56.0,29.0
1677,1677,56.0,29.0
1678,1678,56.0,29.0
1679,1679,56.0,29.0
1680,1680,56.0,29.0
1681,1681,56.0,29.0
1682,1682,56.0,29.0
1683,1683,55.0,29.0
1684,1684,56.0,29.0
1685,1685,56.0,29.0
1686,1686,56.0,29.0
1687,1687,55.0,32.0
1688,1688,56.0,29.0
1689,1689,56.0,29.0
1690,1690,56.0,29.0
1691,1691,56.0,29.0
1692,1692,56.0,29.0
1693,1693,56.0,29.0
1694,1694,56.0,29.0
1695,1695,56.0,29.0
1696,1696,56.0,29.0
1697,1697,56.0,29.0
1698,1698,56.0,29.0
1699,1699,56.0,29.0
1700,1700,56.0,29.0
1701,1701,56.0,29.0
1702,1702,56.0,29.0
1703,1703,56.0,29.0
1704,1704,56.0,29.0
1705,1705,56.0,29.0
1706,1706,56.0,29.0
1707,1707,56.0,29.0
1708,1708,56.0,29.0
1709,1709,56.0,29.0
1710,1710,56.0,29.0
1711,1711,56.0,29.0
1712,1712,56.0,29.0
1713,1713,56.0,29.0
1714,1714,56.0,29.0
1715,1715,56.0,29.0
1716,1716,56.0,29.0
1717,1717,56.0,29.0
1718,1718,56.0,29.0
1719,1719,56.0,29.0
1720,1720,56.0,29.0
1721,1721,56.0,29.0
1722,1722,56.0,29.0
1723,1723,57.0,30.0
1724,1724,56.0,29.0
1725,1725,56.0,29.0
1726,1726,56.0,29.0
1727,1727,56.0,29.0
1728,1728,56.0,29.0
1729,1729,56.0,29.0
1730,1730,56.0,29.0
1731,1731,56.0,29.0
1732,1732,56.0,29.0
1733,1733,56.0,29.0
1734,1734,56.0,29.0
1735,1735,56.0,29.0
1736,1736,56.0,29.0
1737,1737,56.0,29.0
1738,1738,56.0,29.0
1739,1739,56.0,29.0
1740,1740,56.0,29.0
1741,1741,56.0,29.0
1742,1742,56.0,29.0
1743,1743,56.0,29.0
1744,1744,56.0,29.0
1745,1745,56.0,29.0
1746,1746,56.0,29.0
1747,1747,56.0,29.0
1748,1748,56.0,29.0
1749,1749,64.0,33.0
1750,1750,56.0,29.0
1751,1751,56.0,29.0
1752,1752,56.0,29.0
1753,1753,56.0,29.0
1754,1754,56.0,29.0
1755,1755,56.0,29.0
1756,1756,56.0,29.0
1757,1757,56.0,29.0
1758,1758,56.0,29.0
1759,1759,56.0,29.0
1760,1760,56.0,29.0
1761,1761,56.0,29.0
1762,1762,56.0,29.0
1763,1763,56.0,29.0
1764,1764,56.0,29.0
1765,1765,56.0,29.0
1766,1766,56.0,29.0
1767,1767,59.0,28.0
1768,1768,56.0,29.0
1769,1769,56.0,29.0
1770,1770,56.0,29.0
1771,1771,56.0,29.0
1772,1772,56.0,29.0
1773,1773,56.0,29.0
1774,1774,56.0,29.0
1775,1775,56.0,29.0
1776,1776,56.0,29.0
1777,1777,56.0,29.0
1778,1778,56.0,29.0
1779,1779,56.0,29.0
1780,1780,56.0,29.0
1781,1781,56.0,29.0
1782,1782,56.0,29.0
