,imageID,left_eye_inner_corner_x,left_eye_inner_corner_y
0,0,59.0,39.0
1,1,59.0,38.0
2,2,60.0,37.0
3,3,59.0,38.0
4,4,62.0,37.0
5,5,59.0,38.0
6,6,59.0,38.0
7,7,60.0,39.0
8,8,59.0,40.0
9,9,60.0,36.0
10,10,59.0,38.0
11,11,59.0,38.0
12,12,58.0,35.0
13,13,59.0,38.0
14,14,62.0,38.0
15,15,62.0,38.0
16,16,59.0,39.0
17,17,59.0,38.0
18,18,57.0,37.0
19,19,59.0,38.0
20,20,60.0,38.0
21,21,60.0,38.0
22,22,55.0,38.0
23,23,59.0,38.0
24,24,58.0,35.0
25,25,62.0,37.0
26,26,59.0,38.0
27,27,60.0,38.0
28,28,59.0,38.0
29,29,59.0,38.0
30,30,58.0,41.0
31,31,62.0,38.0
32,32,59.0,36.0
33,33,59.0,38.0
34,34,58.0,41.0
35,35,58.0,39.0
36,36,58.0,38.0
37,37,58.0,38.0
38,38,61.0,37.0
39,39,60.0,36.0
40,40,59.0,38.0
41,41,62.0,38.0
42,42,59.0,38.0
43,43,60.0,41.0
44,44,59.0,38.0
45,45,60.0,38.0
46,46,59.0,38.0
47,47,60.0,39.0
48,48,62.0,37.0
49,49,58.0,38.0
50,50,59.0,38.0
51,51,58.0,42.0
52,52,59.0,38.0
53,53,59.0,38.0
54,54,57.0,37.0
55,55,62.0,37.0
56,56,59.0,38.0
57,57,59.0,38.0
58,58,60.0,38.0
59,59,60.0,36.0
60,60,60.0,38.0
61,61,59.0,38.0
62,62,58.0,36.0
63,63,59.0,38.0
64,64,62.0,38.0
65,65,59.0,38.0
66,66,62.0,37.0
67,67,59.0,38.0
68,68,60.0,39.0
69,69,58.0,36.0
70,70,59.0,38.0
71,71,59.0,38.0
72,72,58.0,38.0
73,73,59.0,38.0
74,74,60.0,37.0
75,75,63.0,37.0
76,76,62.0,38.0
77,77,60.0,38.0
78,78,61.0,37.0
79,79,59.0,38.0
80,80,60.0,36.0
81,81,59.0,37.0
82,82,61.0,39.0
83,83,60.0,38.0
84,84,61.0,39.0
85,85,60.0,41.0
86,86,61.0,35.0
87,87,59.0,38.0
88,88,60.0,38.0
89,89,62.0,38.0
90,90,61.0,39.0
91,91,58.0,35.0
92,92,59.0,37.0
93,93,59.0,40.0
94,94,61.0,37.0
95,95,60.0,36.0
96,96,62.0,38.0
97,97,59.0,38.0
98,98,59.0,40.0
99,99,59.0,38.0
100,100,59.0,38.0
101,101,60.0,38.0
102,102,57.0,36.0
103,103,59.0,38.0
104,104,61.0,39.0
105,105,59.0,37.0
106,106,59.0,38.0
107,107,62.0,37.0
108,108,59.0,38.0
109,109,59.0,37.0
110,110,60.0,38.0
111,111,60.0,38.0
112,112,60.0,36.0
113,113,59.0,38.0
114,114,60.0,39.0
115,115,62.0,38.0
116,116,62.0,36.0
117,117,59.0,36.0
118,118,59.0,38.0
119,119,59.0,38.0
120,120,59.0,38.0
121,121,59.0,40.0
122,122,62.0,37.0
123,123,61.0,38.0
124,124,60.0,36.0
125,125,60.0,36.0
126,126,59.0,38.0
127,127,60.0,38.0
128,128,59.0,38.0
129,129,60.0,38.0
130,130,62.0,37.0
131,131,60.0,36.0
132,132,59.0,38.0
133,133,61.0,37.0
134,134,60.0,38.0
135,135,59.0,38.0
136,136,59.0,37.0
137,137,60.0,38.0
138,138,59.0,38.0
139,139,59.0,38.0
140,140,59.0,38.0
141,141,59.0,38.0
142,142,59.0,38.0
143,143,62.0,37.0
144,144,59.0,38.0
145,145,60.0,38.0
146,146,60.0,37.0
147,147,57.0,39.0
148,148,60.0,37.0
149,149,62.0,38.0
150,150,60.0,38.0
151,151,59.0,38.0
152,152,58.0,38.0
153,153,61.0,37.0
154,154,64.0,34.0
155,155,60.0,35.0
156,156,59.0,38.0
157,157,59.0,39.0
158,158,60.0,37.0
159,159,60.0,36.0
160,160,59.0,38.0
161,161,59.0,38.0
162,162,59.0,36.0
163,163,59.0,38.0
164,164,59.0,38.0
165,165,61.0,38.0
166,166,61.0,37.0
167,167,61.0,38.0
168,168,61.0,37.0
169,169,59.0,38.0
170,170,59.0,38.0
171,171,59.0,38.0
172,172,59.0,38.0
173,173,57.0,36.0
174,174,59.0,38.0
175,175,59.0,40.0
176,176,61.0,35.0
177,177,58.0,40.0
178,178,59.0,38.0
179,179,61.0,42.0
180,180,61.0,37.0
181,181,58.0,38.0
182,182,59.0,37.0
183,183,61.0,38.0
184,184,60.0,36.0
185,185,61.0,38.0
186,186,60.0,36.0
187,187,59.0,38.0
188,188,55.0,38.0
189,189,60.0,38.0
190,190,60.0,38.0
191,191,59.0,38.0
192,192,59.0,37.0
193,193,59.0,38.0
194,194,60.0,37.0
195,195,60.0,39.0
196,196,60.0,38.0
197,197,57.0,37.0
198,198,59.0,39.0
199,199,59.0,38.0
200,200,62.0,38.0
201,201,62.0,38.0
202,202,57.0,37.0
203,203,62.0,38.0
204,204,59.0,36.0
205,205,62.0,38.0
206,206,60.0,38.0
207,207,59.0,38.0
208,208,59.0,38.0
209,209,59.0,38.0
210,210,59.0,38.0
211,211,61.0,39.0
212,212,60.0,37.0
213,213,59.0,41.0
214,214,59.0,38.0
215,215,59.0,38.0
216,216,62.0,36.0
217,217,61.0,40.0
218,218,59.0,38.0
219,219,61.0,37.0
220,220,59.0,38.0
221,221,59.0,38.0
222,222,58.0,38.0
223,223,60.0,38.0
224,224,60.0,38.0
225,225,59.0,38.0
226,226,58.0,40.0
227,227,61.0,39.0
228,228,60.0,38.0
229,229,59.0,38.0
230,230,60.0,37.0
231,231,58.0,38.0
232,232,60.0,38.0
233,233,59.0,38.0
234,234,59.0,38.0
235,235,60.0,36.0
236,236,60.0,38.0
237,237,55.0,36.0
238,238,59.0,37.0
239,239,60.0,38.0
240,240,62.0,38.0
241,241,61.0,37.0
242,242,60.0,39.0
243,243,56.0,36.0
244,244,58.0,36.0
245,245,61.0,40.0
246,246,59.0,38.0
247,247,59.0,38.0
248,248,60.0,40.0
249,249,60.0,38.0
250,250,60.0,36.0
251,251,62.0,38.0
252,252,59.0,36.0
253,253,57.0,36.0
254,254,59.0,38.0
255,255,60.0,38.0
256,256,59.0,38.0
257,257,59.0,38.0
258,258,59.0,38.0
259,259,60.0,37.0
260,260,60.0,35.0
261,261,57.0,37.0
262,262,59.0,38.0
263,263,59.0,38.0
264,264,59.0,38.0
265,265,60.0,38.0
266,266,62.0,37.0
267,267,62.0,37.0
268,268,59.0,38.0
269,269,59.0,38.0
270,270,59.0,41.0
271,271,59.0,38.0
272,272,58.0,39.0
273,273,61.0,39.0
274,274,60.0,37.0
275,275,60.0,40.0
276,276,61.0,38.0
277,277,58.0,35.0
278,278,57.0,39.0
279,279,59.0,38.0
280,280,59.0,38.0
281,281,60.0,38.0
282,282,58.0,38.0
283,283,60.0,38.0
284,284,59.0,38.0
285,285,59.0,38.0
286,286,58.0,37.0
287,287,60.0,38.0
288,288,59.0,38.0
289,289,62.0,38.0
290,290,59.0,38.0
291,291,60.0,36.0
292,292,59.0,38.0
293,293,60.0,41.0
294,294,62.0,40.0
295,295,59.0,38.0
296,296,59.0,37.0
297,297,59.0,37.0
298,298,57.0,39.0
299,299,62.0,38.0
300,300,59.0,37.0
301,301,58.0,36.0
302,302,59.0,35.0
303,303,59.0,38.0
304,304,59.0,39.0
305,305,57.0,37.0
306,306,57.0,37.0
307,307,59.0,38.0
308,308,59.0,38.0
309,309,57.0,37.0
310,310,58.0,37.0
311,311,59.0,38.0
312,312,59.0,38.0
313,313,59.0,38.0
314,314,59.0,38.0
315,315,57.0,37.0
316,316,59.0,38.0
317,317,59.0,38.0
318,318,59.0,38.0
319,319,59.0,38.0
320,320,57.0,37.0
321,321,62.0,36.0
322,322,62.0,38.0
323,323,59.0,38.0
324,324,61.0,39.0
325,325,57.0,37.0
326,326,59.0,37.0
327,327,57.0,37.0
328,328,59.0,38.0
329,329,57.0,39.0
330,330,59.0,38.0
331,331,57.0,39.0
332,332,60.0,39.0
333,333,59.0,38.0
334,334,59.0,38.0
335,335,59.0,38.0
336,336,63.0,37.0
337,337,57.0,37.0
338,338,57.0,39.0
339,339,60.0,39.0
340,340,59.0,37.0
341,341,59.0,39.0
342,342,61.0,37.0
343,343,57.0,37.0
344,344,59.0,38.0
345,345,60.0,35.0
346,346,57.0,39.0
347,347,59.0,38.0
348,348,58.0,37.0
349,349,58.0,33.0
350,350,61.0,40.0
351,351,59.0,41.0
352,352,59.0,37.0
353,353,57.0,36.0
354,354,59.0,37.0
355,355,60.0,38.0
356,356,55.0,38.0
357,357,59.0,38.0
358,358,59.0,38.0
359,359,59.0,39.0
360,360,59.0,38.0
361,361,59.0,38.0
362,362,59.0,38.0
363,363,58.0,41.0
364,364,59.0,38.0
365,365,59.0,39.0
366,366,59.0,39.0
367,367,57.0,40.0
368,368,60.0,39.0
369,369,57.0,39.0
370,370,59.0,38.0
371,371,62.0,38.0
372,372,59.0,38.0
373,373,60.0,37.0
374,374,61.0,39.0
375,375,57.0,37.0
376,376,59.0,38.0
377,377,57.0,37.0
378,378,56.0,39.0
379,379,58.0,35.0
380,380,60.0,38.0
381,381,59.0,38.0
382,382,59.0,36.0
383,383,59.0,39.0
384,384,57.0,39.0
385,385,58.0,42.0
386,386,57.0,36.0
387,387,57.0,40.0
388,388,59.0,38.0
389,389,62.0,40.0
390,390,61.0,37.0
391,391,61.0,39.0
392,392,59.0,38.0
393,393,60.0,39.0
394,394,59.0,37.0
395,395,60.0,37.0
396,396,59.0,38.0
397,397,59.0,38.0
398,398,59.0,38.0
399,399,60.0,40.0
400,400,59.0,38.0
401,401,89.0,6.0
402,402,59.0,38.0
403,403,59.0,38.0
404,404,59.0,38.0
405,405,59.0,38.0
406,406,59.0,38.0
407,407,60.0,36.0
408,408,59.0,38.0
409,409,59.0,38.0
410,410,59.0,38.0
411,411,61.0,39.0
412,412,59.0,38.0
413,413,60.0,36.0
414,414,58.0,39.0
415,415,59.0,38.0
416,416,57.0,39.0
417,417,59.0,38.0
418,418,59.0,38.0
419,419,59.0,38.0
420,420,59.0,38.0
421,421,59.0,39.0
422,422,59.0,38.0
423,423,59.0,38.0
424,424,60.0,38.0
425,425,59.0,38.0
426,426,59.0,38.0
427,427,59.0,38.0
428,428,56.0,36.0
429,429,59.0,38.0
430,430,59.0,38.0
431,431,59.0,38.0
432,432,59.0,38.0
433,433,61.0,45.0
434,434,59.0,38.0
435,435,59.0,38.0
436,436,60.0,36.0
437,437,59.0,38.0
438,438,59.0,38.0
439,439,59.0,38.0
440,440,60.0,38.0
441,441,59.0,38.0
442,442,59.0,38.0
443,443,59.0,38.0
444,444,59.0,38.0
445,445,59.0,38.0
446,446,59.0,38.0
447,447,62.0,38.0
448,448,59.0,38.0
449,449,59.0,38.0
450,450,59.0,38.0
451,451,58.0,40.0
452,452,59.0,36.0
453,453,57.0,37.0
454,454,57.0,39.0
455,455,59.0,38.0
456,456,59.0,40.0
457,457,59.0,38.0
458,458,59.0,38.0
459,459,59.0,38.0
460,460,59.0,38.0
461,461,58.0,35.0
462,462,60.0,38.0
463,463,59.0,38.0
464,464,58.0,42.0
465,465,59.0,38.0
466,466,59.0,38.0
467,467,59.0,38.0
468,468,59.0,38.0
469,469,56.0,37.0
470,470,59.0,38.0
471,471,59.0,38.0
472,472,60.0,37.0
473,473,59.0,38.0
474,474,59.0,38.0
475,475,59.0,38.0
476,476,59.0,38.0
477,477,59.0,38.0
478,478,59.0,38.0
479,479,59.0,38.0
480,480,59.0,38.0
481,481,59.0,38.0
482,482,59.0,38.0
483,483,59.0,38.0
484,484,59.0,38.0
485,485,59.0,38.0
486,486,59.0,38.0
487,487,59.0,38.0
488,488,59.0,38.0
489,489,59.0,38.0
490,490,59.0,38.0
491,491,59.0,38.0
492,492,59.0,38.0
493,493,61.0,40.0
494,494,59.0,38.0
495,495,59.0,38.0
496,496,59.0,38.0
497,497,59.0,38.0
498,498,59.0,38.0
499,499,59.0,38.0
500,500,59.0,38.0
501,501,57.0,37.0
502,502,59.0,38.0
503,503,59.0,38.0
504,504,59.0,38.0
505,505,58.0,36.0
506,506,59.0,38.0
507,507,59.0,38.0
508,508,61.0,37.0
509,509,59.0,38.0
510,510,57.0,37.0
511,511,59.0,38.0
512,512,59.0,38.0
513,513,59.0,38.0
514,514,59.0,38.0
515,515,59.0,38.0
516,516,59.0,38.0
517,517,59.0,38.0
518,518,59.0,38.0
519,519,59.0,38.0
520,520,59.0,38.0
521,521,59.0,38.0
522,522,59.0,38.0
523,523,59.0,38.0
524,524,57.0,37.0
525,525,59.0,38.0
526,526,59.0,38.0
527,527,60.0,37.0
528,528,59.0,38.0
529,529,58.0,39.0
530,530,59.0,38.0
531,531,59.0,38.0
532,532,59.0,38.0
533,533,59.0,38.0
534,534,59.0,38.0
535,535,59.0,38.0
536,536,59.0,38.0
537,537,59.0,38.0
538,538,59.0,38.0
539,539,63.0,36.0
540,540,59.0,38.0
541,541,62.0,37.0
542,542,61.0,38.0
543,543,60.0,36.0
544,544,8.0,38.0
545,545,59.0,38.0
546,546,59.0,38.0
547,547,59.0,38.0
548,548,60.0,41.0
549,549,57.0,40.0
550,550,57.0,36.0
551,551,59.0,38.0
552,552,59.0,38.0
553,553,59.0,38.0
554,554,59.0,38.0
555,555,59.0,38.0
556,556,59.0,38.0
557,557,58.0,36.0
558,558,59.0,38.0
559,559,59.0,38.0
560,560,62.0,37.0
561,561,61.0,37.0
562,562,56.0,40.0
563,563,59.0,38.0
564,564,59.0,38.0
565,565,62.0,38.0
566,566,59.0,38.0
567,567,60.0,36.0
568,568,59.0,38.0
569,569,59.0,38.0
570,570,59.0,38.0
571,571,59.0,38.0
572,572,59.0,38.0
573,573,59.0,38.0
574,574,59.0,38.0
575,575,62.0,37.0
576,576,60.0,38.0
577,577,59.0,38.0
578,578,59.0,38.0
579,579,59.0,38.0
580,580,59.0,38.0
581,581,53.0,13.0
582,582,59.0,38.0
583,583,61.0,38.0
584,584,58.0,38.0
585,585,60.0,36.0
586,586,59.0,38.0
587,587,59.0,38.0
588,588,59.0,38.0
589,589,59.0,38.0
590,590,59.0,38.0
591,591,59.0,38.0
592,592,59.0,38.0
593,593,59.0,38.0
594,594,59.0,38.0
595,595,59.0,38.0
596,596,59.0,38.0
597,597,59.0,38.0
598,598,59.0,38.0
599,599,59.0,38.0
600,600,59.0,38.0
601,601,59.0,38.0
602,602,59.0,38.0
603,603,59.0,38.0
604,604,59.0,38.0
605,605,59.0,38.0
606,606,59.0,38.0
607,607,59.0,38.0
608,608,59.0,38.0
609,609,59.0,38.0
610,610,59.0,38.0
611,611,59.0,38.0
612,612,59.0,38.0
613,613,59.0,38.0
614,614,59.0,38.0
615,615,59.0,38.0
616,616,59.0,38.0
617,617,59.0,38.0
618,618,59.0,38.0
619,619,59.0,38.0
620,620,59.0,38.0
621,621,59.0,38.0
622,622,59.0,38.0
623,623,59.0,38.0
624,624,59.0,38.0
625,625,59.0,38.0
626,626,59.0,38.0
627,627,59.0,38.0
628,628,59.0,38.0
629,629,59.0,38.0
630,630,59.0,38.0
631,631,59.0,38.0
632,632,59.0,38.0
633,633,59.0,38.0
634,634,59.0,38.0
635,635,59.0,38.0
636,636,60.0,38.0
637,637,59.0,38.0
638,638,59.0,38.0
639,639,59.0,38.0
640,640,59.0,38.0
641,641,59.0,38.0
642,642,59.0,38.0
643,643,59.0,38.0
644,644,59.0,38.0
645,645,59.0,38.0
646,646,59.0,38.0
647,647,59.0,38.0
648,648,59.0,38.0
649,649,63.0,36.0
650,650,59.0,38.0
651,651,59.0,38.0
652,652,59.0,38.0
653,653,59.0,38.0
654,654,62.0,39.0
655,655,59.0,38.0
656,656,59.0,38.0
657,657,59.0,38.0
658,658,59.0,38.0
659,659,61.0,38.0
660,660,59.0,38.0
661,661,59.0,38.0
662,662,62.0,37.0
663,663,59.0,38.0
664,664,59.0,38.0
665,665,59.0,38.0
666,666,59.0,38.0
667,667,59.0,38.0
668,668,59.0,38.0
669,669,59.0,38.0
670,670,59.0,38.0
671,671,59.0,38.0
672,672,59.0,38.0
673,673,59.0,38.0
674,674,59.0,38.0
675,675,59.0,38.0
676,676,59.0,38.0
677,677,59.0,38.0
678,678,59.0,38.0
679,679,59.0,38.0
680,680,59.0,38.0
681,681,59.0,38.0
682,682,59.0,38.0
683,683,17.0,29.0
684,684,59.0,38.0
685,685,59.0,38.0
686,686,59.0,38.0
687,687,59.0,38.0
688,688,59.0,38.0
689,689,59.0,38.0
690,690,62.0,38.0
691,691,59.0,38.0
692,692,59.0,38.0
693,693,59.0,38.0
694,694,59.0,38.0
695,695,59.0,38.0
696,696,59.0,38.0
697,697,59.0,38.0
698,698,59.0,38.0
699,699,59.0,38.0
700,700,59.0,38.0
701,701,59.0,38.0
702,702,59.0,38.0
703,703,60.0,38.0
704,704,59.0,38.0
705,705,59.0,38.0
706,706,59.0,38.0
707,707,59.0,38.0
708,708,59.0,38.0
709,709,59.0,38.0
710,710,59.0,38.0
711,711,59.0,38.0
712,712,59.0,38.0
713,713,59.0,38.0
714,714,59.0,38.0
715,715,59.0,38.0
716,716,59.0,38.0
717,717,59.0,38.0
718,718,59.0,38.0
719,719,59.0,38.0
720,720,59.0,38.0
721,721,59.0,38.0
722,722,59.0,38.0
723,723,59.0,38.0
724,724,59.0,38.0
725,725,59.0,38.0
726,726,59.0,38.0
727,727,59.0,38.0
728,728,59.0,38.0
729,729,59.0,38.0
730,730,59.0,38.0
731,731,59.0,38.0
732,732,59.0,38.0
733,733,59.0,38.0
734,734,59.0,38.0
735,735,59.0,38.0
736,736,59.0,38.0
737,737,58.0,41.0
738,738,59.0,38.0
739,739,59.0,38.0
740,740,59.0,38.0
741,741,59.0,38.0
742,742,59.0,38.0
743,743,59.0,38.0
744,744,60.0,36.0
745,745,59.0,38.0
746,746,59.0,38.0
747,747,59.0,38.0
748,748,59.0,38.0
749,749,59.0,38.0
750,750,59.0,38.0
751,751,59.0,38.0
752,752,59.0,38.0
753,753,59.0,38.0
754,754,59.0,38.0
755,755,59.0,38.0
756,756,59.0,38.0
757,757,59.0,38.0
758,758,59.0,38.0
759,759,57.0,35.0
760,760,59.0,38.0
761,761,59.0,38.0
762,762,59.0,38.0
763,763,59.0,38.0
764,764,59.0,38.0
765,765,59.0,38.0
766,766,59.0,38.0
767,767,59.0,38.0
768,768,59.0,38.0
769,769,59.0,38.0
770,770,59.0,38.0
771,771,59.0,38.0
772,772,59.0,38.0
773,773,59.0,38.0
774,774,59.0,38.0
775,775,59.0,38.0
776,776,59.0,38.0
777,777,59.0,38.0
778,778,59.0,38.0
779,779,59.0,38.0
780,780,59.0,38.0
781,781,61.0,39.0
782,782,59.0,38.0
783,783,59.0,38.0
784,784,59.0,38.0
785,785,59.0,38.0
786,786,59.0,38.0
787,787,59.0,38.0
788,788,59.0,38.0
789,789,59.0,38.0
790,790,59.0,38.0
791,791,59.0,38.0
792,792,59.0,36.0
793,793,59.0,38.0
794,794,59.0,38.0
795,795,59.0,38.0
796,796,59.0,38.0
797,797,59.0,38.0
798,798,59.0,37.0
799,799,59.0,38.0
800,800,59.0,38.0
801,801,59.0,38.0
802,802,59.0,38.0
803,803,59.0,38.0
804,804,59.0,38.0
805,805,59.0,38.0
806,806,57.0,37.0
807,807,59.0,38.0
808,808,59.0,36.0
809,809,59.0,38.0
810,810,59.0,38.0
811,811,59.0,38.0
812,812,59.0,38.0
813,813,59.0,38.0
814,814,59.0,38.0
815,815,59.0,38.0
816,816,59.0,38.0
817,817,59.0,38.0
818,818,59.0,38.0
819,819,59.0,38.0
820,820,59.0,38.0
821,821,59.0,38.0
822,822,59.0,38.0
823,823,59.0,38.0
824,824,59.0,38.0
825,825,59.0,38.0
826,826,59.0,38.0
827,827,59.0,38.0
828,828,59.0,38.0
829,829,59.0,38.0
830,830,59.0,38.0
831,831,59.0,38.0
832,832,59.0,38.0
833,833,59.0,38.0
834,834,59.0,38.0
835,835,59.0,38.0
836,836,59.0,38.0
837,837,59.0,38.0
838,838,58.0,36.0
839,839,59.0,38.0
840,840,59.0,38.0
841,841,59.0,38.0
842,842,59.0,38.0
843,843,59.0,38.0
844,844,59.0,38.0
845,845,59.0,38.0
846,846,59.0,38.0
847,847,59.0,38.0
848,848,59.0,38.0
849,849,59.0,38.0
850,850,59.0,38.0
851,851,59.0,38.0
852,852,59.0,38.0
853,853,59.0,38.0
854,854,58.0,41.0
855,855,59.0,38.0
856,856,59.0,38.0
857,857,59.0,38.0
858,858,59.0,38.0
859,859,59.0,38.0
860,860,59.0,38.0
861,861,59.0,38.0
862,862,59.0,38.0
863,863,59.0,38.0
864,864,59.0,38.0
865,865,59.0,38.0
866,866,59.0,38.0
867,867,59.0,38.0
868,868,59.0,38.0
869,869,59.0,38.0
870,870,61.0,37.0
871,871,59.0,38.0
872,872,59.0,38.0
873,873,59.0,38.0
874,874,59.0,38.0
875,875,59.0,38.0
876,876,59.0,38.0
877,877,59.0,38.0
878,878,59.0,38.0
879,879,59.0,38.0
880,880,59.0,38.0
881,881,59.0,38.0
882,882,59.0,37.0
883,883,59.0,38.0
884,884,59.0,38.0
885,885,59.0,38.0
886,886,58.0,39.0
887,887,59.0,38.0
888,888,59.0,38.0
889,889,59.0,38.0
890,890,59.0,38.0
891,891,59.0,38.0
892,892,59.0,40.0
893,893,59.0,38.0
894,894,59.0,38.0
895,895,59.0,38.0
896,896,59.0,38.0
897,897,59.0,38.0
898,898,59.0,38.0
899,899,60.0,36.0
900,900,59.0,38.0
901,901,59.0,38.0
902,902,59.0,38.0
903,903,59.0,38.0
904,904,59.0,38.0
905,905,59.0,37.0
906,906,59.0,38.0
907,907,59.0,38.0
908,908,59.0,38.0
909,909,59.0,38.0
910,910,59.0,38.0
911,911,59.0,38.0
912,912,59.0,38.0
913,913,59.0,38.0
914,914,59.0,40.0
915,915,59.0,38.0
916,916,59.0,38.0
917,917,59.0,38.0
918,918,59.0,38.0
919,919,59.0,38.0
920,920,59.0,38.0
921,921,59.0,38.0
922,922,59.0,38.0
923,923,59.0,38.0
924,924,59.0,38.0
925,925,59.0,38.0
926,926,59.0,38.0
927,927,59.0,38.0
928,928,59.0,38.0
929,929,59.0,38.0
930,930,59.0,38.0
931,931,59.0,38.0
932,932,59.0,38.0
933,933,59.0,38.0
934,934,60.0,38.0
935,935,59.0,38.0
936,936,59.0,38.0
937,937,59.0,38.0
938,938,59.0,38.0
939,939,59.0,38.0
940,940,59.0,38.0
941,941,59.0,38.0
942,942,59.0,38.0
943,943,59.0,38.0
944,944,62.0,38.0
945,945,71.0,26.0
946,946,59.0,38.0
947,947,59.0,38.0
948,948,59.0,38.0
949,949,59.0,38.0
950,950,59.0,38.0
951,951,59.0,38.0
952,952,59.0,38.0
953,953,59.0,38.0
954,954,59.0,38.0
955,955,59.0,38.0
956,956,59.0,38.0
957,957,59.0,38.0
958,958,59.0,38.0
959,959,59.0,38.0
960,960,59.0,38.0
961,961,59.0,38.0
962,962,59.0,36.0
963,963,57.0,37.0
964,964,59.0,38.0
965,965,59.0,38.0
966,966,59.0,38.0
967,967,59.0,38.0
968,968,59.0,38.0
969,969,59.0,38.0
970,970,62.0,38.0
971,971,59.0,38.0
972,972,59.0,38.0
973,973,59.0,38.0
974,974,59.0,38.0
975,975,59.0,38.0
976,976,59.0,38.0
977,977,58.0,32.0
978,978,59.0,38.0
979,979,59.0,38.0
980,980,59.0,38.0
981,981,59.0,38.0
982,982,59.0,38.0
983,983,59.0,38.0
984,984,49.0,37.0
985,985,59.0,37.0
986,986,59.0,37.0
987,987,59.0,38.0
988,988,59.0,38.0
989,989,59.0,38.0
990,990,59.0,38.0
991,991,60.0,36.0
992,992,59.0,38.0
993,993,59.0,38.0
994,994,59.0,38.0
995,995,59.0,38.0
996,996,59.0,38.0
997,997,59.0,38.0
998,998,59.0,38.0
999,999,59.0,38.0
1000,1000,59.0,38.0
1001,1001,59.0,38.0
1002,1002,59.0,38.0
1003,1003,59.0,38.0
1004,1004,59.0,38.0
1005,1005,59.0,38.0
1006,1006,59.0,38.0
1007,1007,67.0,3.0
1008,1008,59.0,38.0
1009,1009,59.0,38.0
1010,1010,59.0,38.0
1011,1011,59.0,38.0
1012,1012,59.0,38.0
1013,1013,59.0,38.0
1014,1014,59.0,38.0
1015,1015,59.0,38.0
1016,1016,59.0,40.0
1017,1017,59.0,38.0
1018,1018,59.0,38.0
1019,1019,59.0,38.0
1020,1020,59.0,38.0
1021,1021,59.0,38.0
1022,1022,59.0,38.0
1023,1023,59.0,38.0
1024,1024,59.0,38.0
1025,1025,62.0,37.0
1026,1026,59.0,38.0
1027,1027,59.0,38.0
1028,1028,59.0,38.0
1029,1029,59.0,38.0
1030,1030,59.0,38.0
1031,1031,59.0,38.0
1032,1032,59.0,38.0
1033,1033,59.0,38.0
1034,1034,59.0,38.0
1035,1035,59.0,38.0
1036,1036,59.0,38.0
1037,1037,59.0,38.0
1038,1038,60.0,36.0
1039,1039,60.0,38.0
1040,1040,59.0,38.0
1041,1041,59.0,38.0
1042,1042,59.0,38.0
1043,1043,59.0,38.0
1044,1044,59.0,38.0
1045,1045,59.0,38.0
1046,1046,59.0,38.0
1047,1047,59.0,38.0
1048,1048,59.0,38.0
1049,1049,59.0,38.0
1050,1050,59.0,38.0
1051,1051,59.0,38.0
1052,1052,59.0,38.0
1053,1053,59.0,38.0
1054,1054,59.0,38.0
1055,1055,59.0,38.0
1056,1056,59.0,38.0
1057,1057,59.0,38.0
1058,1058,59.0,38.0
1059,1059,59.0,38.0
1060,1060,59.0,38.0
1061,1061,55.0,35.0
1062,1062,59.0,38.0
1063,1063,59.0,38.0
1064,1064,59.0,38.0
1065,1065,59.0,38.0
1066,1066,59.0,38.0
1067,1067,59.0,38.0
1068,1068,59.0,38.0
1069,1069,59.0,38.0
1070,1070,59.0,38.0
1071,1071,59.0,38.0
1072,1072,59.0,38.0
1073,1073,59.0,38.0
1074,1074,59.0,38.0
1075,1075,59.0,38.0
1076,1076,59.0,38.0
1077,1077,59.0,38.0
1078,1078,59.0,38.0
1079,1079,59.0,38.0
1080,1080,59.0,38.0
1081,1081,59.0,38.0
1082,1082,59.0,38.0
1083,1083,58.0,38.0
1084,1084,59.0,38.0
1085,1085,59.0,38.0
1086,1086,59.0,38.0
1087,1087,59.0,38.0
1088,1088,59.0,38.0
1089,1089,59.0,38.0
1090,1090,59.0,38.0
1091,1091,59.0,38.0
1092,1092,59.0,38.0
1093,1093,59.0,38.0
1094,1094,59.0,38.0
1095,1095,60.0,38.0
1096,1096,59.0,38.0
1097,1097,59.0,38.0
1098,1098,59.0,38.0
1099,1099,60.0,36.0
1100,1100,59.0,38.0
1101,1101,59.0,38.0
1102,1102,59.0,38.0
1103,1103,59.0,38.0
1104,1104,59.0,38.0
1105,1105,59.0,38.0
1106,1106,59.0,38.0
1107,1107,59.0,38.0
1108,1108,59.0,38.0
1109,1109,59.0,38.0
1110,1110,59.0,38.0
1111,1111,59.0,38.0
1112,1112,59.0,38.0
1113,1113,59.0,38.0
1114,1114,60.0,38.0
1115,1115,59.0,38.0
1116,1116,59.0,38.0
1117,1117,59.0,38.0
1118,1118,59.0,38.0
1119,1119,59.0,38.0
1120,1120,59.0,38.0
1121,1121,59.0,38.0
1122,1122,59.0,38.0
1123,1123,59.0,38.0
1124,1124,59.0,38.0
1125,1125,59.0,36.0
1126,1126,59.0,38.0
1127,1127,59.0,38.0
1128,1128,59.0,38.0
1129,1129,59.0,38.0
1130,1130,59.0,38.0
1131,1131,59.0,38.0
1132,1132,59.0,38.0
1133,1133,59.0,38.0
1134,1134,59.0,38.0
1135,1135,59.0,38.0
1136,1136,59.0,38.0
1137,1137,59.0,38.0
1138,1138,59.0,39.0
1139,1139,59.0,37.0
1140,1140,59.0,38.0
1141,1141,59.0,38.0
1142,1142,58.0,40.0
1143,1143,59.0,38.0
1144,1144,61.0,40.0
1145,1145,59.0,38.0
1146,1146,60.0,34.0
1147,1147,59.0,38.0
1148,1148,59.0,38.0
1149,1149,59.0,38.0
1150,1150,59.0,38.0
1151,1151,59.0,38.0
1152,1152,59.0,38.0
1153,1153,59.0,38.0
1154,1154,59.0,38.0
1155,1155,59.0,38.0
1156,1156,59.0,41.0
1157,1157,59.0,38.0
1158,1158,59.0,38.0
1159,1159,59.0,38.0
1160,1160,59.0,38.0
1161,1161,59.0,38.0
1162,1162,59.0,38.0
1163,1163,59.0,38.0
1164,1164,59.0,38.0
1165,1165,59.0,38.0
1166,1166,59.0,38.0
1167,1167,59.0,38.0
1168,1168,62.0,38.0
1169,1169,59.0,38.0
1170,1170,51.0,5.0
1171,1171,59.0,38.0
1172,1172,59.0,38.0
1173,1173,59.0,38.0
1174,1174,59.0,38.0
1175,1175,59.0,38.0
1176,1176,59.0,38.0
1177,1177,59.0,38.0
1178,1178,59.0,38.0
1179,1179,59.0,38.0
1180,1180,59.0,38.0
1181,1181,59.0,38.0
1182,1182,59.0,39.0
1183,1183,59.0,38.0
1184,1184,59.0,38.0
1185,1185,62.0,40.0
1186,1186,59.0,38.0
1187,1187,59.0,38.0
1188,1188,59.0,38.0
1189,1189,59.0,38.0
1190,1190,59.0,38.0
1191,1191,59.0,38.0
1192,1192,59.0,38.0
1193,1193,59.0,38.0
1194,1194,59.0,38.0
1195,1195,59.0,38.0
1196,1196,59.0,38.0
1197,1197,59.0,38.0
1198,1198,59.0,38.0
1199,1199,59.0,38.0
1200,1200,59.0,38.0
1201,1201,86.0,27.0
1202,1202,13.0,86.0
1203,1203,59.0,38.0
1204,1204,59.0,38.0
1205,1205,62.0,37.0
1206,1206,59.0,38.0
1207,1207,59.0,41.0
1208,1208,62.0,37.0
1209,1209,59.0,38.0
1210,1210,59.0,38.0
1211,1211,59.0,38.0
1212,1212,59.0,38.0
1213,1213,59.0,38.0
1214,1214,59.0,38.0
1215,1215,59.0,38.0
1216,1216,59.0,38.0
1217,1217,57.0,37.0
1218,1218,59.0,38.0
1219,1219,59.0,38.0
1220,1220,59.0,38.0
1221,1221,59.0,38.0
1222,1222,59.0,38.0
1223,1223,59.0,37.0
1224,1224,59.0,38.0
1225,1225,59.0,38.0
1226,1226,59.0,38.0
1227,1227,59.0,38.0
1228,1228,59.0,38.0
1229,1229,59.0,38.0
1230,1230,58.0,39.0
1231,1231,59.0,38.0
1232,1232,59.0,38.0
1233,1233,59.0,38.0
1234,1234,59.0,38.0
1235,1235,59.0,38.0
1236,1236,59.0,38.0
1237,1237,59.0,38.0
1238,1238,59.0,38.0
1239,1239,60.0,36.0
1240,1240,59.0,38.0
1241,1241,59.0,38.0
1242,1242,59.0,37.0
1243,1243,59.0,38.0
1244,1244,59.0,38.0
1245,1245,59.0,38.0
1246,1246,59.0,38.0
1247,1247,59.0,38.0
1248,1248,59.0,37.0
1249,1249,59.0,38.0
1250,1250,59.0,38.0
1251,1251,59.0,38.0
1252,1252,59.0,38.0
1253,1253,59.0,38.0
1254,1254,59.0,38.0
1255,1255,59.0,38.0
1256,1256,59.0,38.0
1257,1257,59.0,38.0
1258,1258,59.0,38.0
1259,1259,60.0,41.0
1260,1260,60.0,38.0
1261,1261,59.0,38.0
1262,1262,59.0,38.0
1263,1263,60.0,36.0
1264,1264,59.0,38.0
1265,1265,59.0,38.0
1266,1266,59.0,38.0
1267,1267,59.0,38.0
1268,1268,61.0,37.0
1269,1269,59.0,38.0
1270,1270,59.0,38.0
1271,1271,59.0,38.0
1272,1272,59.0,38.0
1273,1273,59.0,38.0
1274,1274,59.0,38.0
1275,1275,59.0,38.0
1276,1276,59.0,38.0
1277,1277,59.0,38.0
1278,1278,59.0,38.0
1279,1279,59.0,38.0
1280,1280,59.0,38.0
1281,1281,59.0,38.0
1282,1282,59.0,38.0
1283,1283,59.0,38.0
1284,1284,59.0,38.0
1285,1285,59.0,38.0
1286,1286,59.0,38.0
1287,1287,65.0,34.0
1288,1288,59.0,38.0
1289,1289,59.0,38.0
1290,1290,59.0,38.0
1291,1291,59.0,38.0
1292,1292,59.0,38.0
1293,1293,59.0,38.0
1294,1294,59.0,38.0
1295,1295,59.0,38.0
1296,1296,57.0,39.0
1297,1297,59.0,38.0
1298,1298,59.0,38.0
1299,1299,59.0,38.0
1300,1300,59.0,38.0
1301,1301,59.0,38.0
1302,1302,59.0,38.0
1303,1303,59.0,38.0
1304,1304,59.0,38.0
1305,1305,59.0,38.0
1306,1306,59.0,41.0
1307,1307,59.0,38.0
1308,1308,59.0,38.0
1309,1309,59.0,38.0
1310,1310,59.0,38.0
1311,1311,59.0,38.0
1312,1312,60.0,37.0
1313,1313,59.0,38.0
1314,1314,59.0,38.0
1315,1315,58.0,41.0
1316,1316,59.0,38.0
1317,1317,59.0,38.0
1318,1318,59.0,38.0
1319,1319,59.0,38.0
1320,1320,59.0,41.0
1321,1321,59.0,38.0
1322,1322,59.0,38.0
1323,1323,59.0,38.0
1324,1324,59.0,38.0
1325,1325,59.0,38.0
1326,1326,59.0,38.0
1327,1327,59.0,38.0
1328,1328,59.0,38.0
1329,1329,59.0,38.0
1330,1330,59.0,38.0
1331,1331,59.0,38.0
1332,1332,59.0,38.0
1333,1333,59.0,38.0
1334,1334,59.0,38.0
1335,1335,59.0,38.0
1336,1336,59.0,38.0
1337,1337,59.0,38.0
1338,1338,59.0,38.0
1339,1339,59.0,38.0
1340,1340,59.0,38.0
1341,1341,59.0,38.0
1342,1342,59.0,38.0
1343,1343,59.0,38.0
1344,1344,59.0,40.0
1345,1345,59.0,38.0
1346,1346,59.0,38.0
1347,1347,59.0,38.0
1348,1348,59.0,38.0
1349,1349,59.0,38.0
1350,1350,59.0,38.0
1351,1351,59.0,38.0
1352,1352,59.0,38.0
1353,1353,59.0,38.0
1354,1354,59.0,38.0
1355,1355,59.0,38.0
1356,1356,59.0,38.0
1357,1357,59.0,38.0
1358,1358,59.0,40.0
1359,1359,59.0,38.0
1360,1360,59.0,38.0
1361,1361,59.0,38.0
1362,1362,59.0,38.0
1363,1363,59.0,38.0
1364,1364,59.0,38.0
1365,1365,59.0,38.0
1366,1366,60.0,36.0
1367,1367,59.0,38.0
1368,1368,59.0,38.0
1369,1369,60.0,38.0
1370,1370,59.0,38.0
1371,1371,59.0,38.0
1372,1372,59.0,38.0
1373,1373,59.0,38.0
1374,1374,59.0,38.0
1375,1375,59.0,38.0
1376,1376,59.0,38.0
1377,1377,59.0,39.0
1378,1378,59.0,38.0
1379,1379,59.0,38.0
1380,1380,59.0,38.0
1381,1381,59.0,38.0
1382,1382,59.0,38.0
1383,1383,59.0,38.0
1384,1384,59.0,38.0
1385,1385,59.0,38.0
1386,1386,59.0,38.0
1387,1387,59.0,38.0
1388,1388,59.0,38.0
1389,1389,59.0,38.0
1390,1390,56.0,37.0
1391,1391,59.0,38.0
1392,1392,59.0,38.0
1393,1393,59.0,38.0
1394,1394,59.0,38.0
1395,1395,59.0,38.0
1396,1396,59.0,38.0
1397,1397,59.0,38.0
1398,1398,59.0,38.0
1399,1399,59.0,38.0
1400,1400,59.0,38.0
1401,1401,59.0,38.0
1402,1402,59.0,38.0
1403,1403,59.0,38.0
1404,1404,59.0,38.0
1405,1405,59.0,38.0
1406,1406,59.0,38.0
1407,1407,59.0,38.0
1408,1408,59.0,38.0
1409,1409,59.0,38.0
1410,1410,59.0,38.0
1411,1411,59.0,38.0
1412,1412,59.0,38.0
1413,1413,59.0,38.0
1414,1414,59.0,38.0
1415,1415,59.0,38.0
1416,1416,59.0,38.0
1417,1417,59.0,38.0
1418,1418,59.0,38.0
1419,1419,59.0,38.0
1420,1420,59.0,38.0
1421,1421,59.0,38.0
1422,1422,59.0,38.0
1423,1423,59.0,36.0
1424,1424,59.0,38.0
1425,1425,59.0,38.0
1426,1426,56.0,37.0
1427,1427,59.0,38.0
1428,1428,59.0,38.0
1429,1429,59.0,38.0
1430,1430,59.0,38.0
1431,1431,59.0,38.0
1432,1432,59.0,38.0
1433,1433,59.0,38.0
1434,1434,59.0,38.0
1435,1435,59.0,38.0
1436,1436,59.0,38.0
1437,1437,59.0,38.0
1438,1438,59.0,38.0
1439,1439,59.0,38.0
1440,1440,59.0,38.0
1441,1441,59.0,38.0
1442,1442,59.0,38.0
1443,1443,59.0,38.0
1444,1444,59.0,38.0
1445,1445,59.0,38.0
1446,1446,59.0,38.0
1447,1447,59.0,38.0
1448,1448,59.0,38.0
1449,1449,59.0,38.0
1450,1450,59.0,38.0
1451,1451,59.0,38.0
1452,1452,61.0,38.0
1453,1453,60.0,38.0
1454,1454,59.0,38.0
1455,1455,59.0,38.0
1456,1456,59.0,38.0
1457,1457,59.0,36.0
1458,1458,59.0,40.0
1459,1459,59.0,38.0
1460,1460,59.0,38.0
1461,1461,59.0,38.0
1462,1462,59.0,38.0
1463,1463,59.0,38.0
1464,1464,59.0,38.0
1465,1465,59.0,38.0
1466,1466,59.0,38.0
1467,1467,59.0,38.0
1468,1468,59.0,38.0
1469,1469,59.0,38.0
1470,1470,59.0,38.0
1471,1471,59.0,38.0
1472,1472,59.0,38.0
1473,1473,59.0,38.0
1474,1474,60.0,38.0
1475,1475,62.0,35.0
1476,1476,59.0,38.0
1477,1477,59.0,38.0
1478,1478,59.0,38.0
1479,1479,59.0,38.0
1480,1480,59.0,38.0
1481,1481,59.0,38.0
1482,1482,59.0,38.0
1483,1483,59.0,38.0
1484,1484,59.0,38.0
1485,1485,59.0,38.0
1486,1486,59.0,38.0
1487,1487,59.0,38.0
1488,1488,59.0,38.0
1489,1489,59.0,38.0
1490,1490,59.0,38.0
1491,1491,59.0,38.0
1492,1492,59.0,38.0
1493,1493,59.0,38.0
1494,1494,59.0,38.0
1495,1495,59.0,38.0
1496,1496,59.0,38.0
1497,1497,59.0,38.0
1498,1498,59.0,38.0
1499,1499,59.0,38.0
1500,1500,59.0,38.0
1501,1501,59.0,38.0
1502,1502,59.0,38.0
1503,1503,59.0,38.0
1504,1504,59.0,38.0
1505,1505,59.0,38.0
1506,1506,59.0,38.0
1507,1507,59.0,38.0
1508,1508,59.0,38.0
1509,1509,59.0,38.0
1510,1510,59.0,38.0
1511,1511,59.0,38.0
1512,1512,59.0,38.0
1513,1513,59.0,38.0
1514,1514,59.0,38.0
1515,1515,59.0,38.0
1516,1516,59.0,38.0
1517,1517,59.0,38.0
1518,1518,59.0,38.0
1519,1519,59.0,38.0
1520,1520,59.0,38.0
1521,1521,59.0,38.0
1522,1522,59.0,38.0
1523,1523,59.0,38.0
1524,1524,59.0,38.0
1525,1525,59.0,38.0
1526,1526,59.0,38.0
1527,1527,59.0,38.0
1528,1528,59.0,38.0
1529,1529,59.0,38.0
1530,1530,59.0,38.0
1531,1531,59.0,38.0
1532,1532,57.0,36.0
1533,1533,59.0,38.0
1534,1534,59.0,38.0
1535,1535,59.0,38.0
1536,1536,59.0,38.0
1537,1537,59.0,38.0
1538,1538,59.0,38.0
1539,1539,59.0,38.0
1540,1540,59.0,38.0
1541,1541,59.0,38.0
1542,1542,59.0,38.0
1543,1543,59.0,39.0
1544,1544,59.0,38.0
1545,1545,59.0,38.0
1546,1546,59.0,38.0
1547,1547,59.0,38.0
1548,1548,59.0,38.0
1549,1549,59.0,38.0
1550,1550,59.0,38.0
1551,1551,59.0,38.0
1552,1552,59.0,38.0
1553,1553,59.0,38.0
1554,1554,59.0,38.0
1555,1555,59.0,37.0
1556,1556,59.0,38.0
1557,1557,59.0,38.0
1558,1558,59.0,38.0
1559,1559,59.0,38.0
1560,1560,59.0,34.0
1561,1561,59.0,38.0
1562,1562,59.0,37.0
1563,1563,59.0,38.0
1564,1564,59.0,38.0
1565,1565,59.0,38.0
1566,1566,59.0,38.0
1567,1567,59.0,38.0
1568,1568,59.0,38.0
1569,1569,59.0,38.0
1570,1570,59.0,38.0
1571,1571,59.0,38.0
1572,1572,59.0,38.0
1573,1573,59.0,38.0
1574,1574,59.0,38.0
1575,1575,59.0,38.0
1576,1576,59.0,38.0
1577,1577,59.0,38.0
1578,1578,59.0,38.0
1579,1579,59.0,38.0
1580,1580,59.0,38.0
1581,1581,59.0,38.0
1582,1582,59.0,38.0
1583,1583,59.0,38.0
1584,1584,60.0,39.0
1585,1585,59.0,38.0
1586,1586,59.0,38.0
1587,1587,59.0,38.0
1588,1588,59.0,38.0
1589,1589,59.0,38.0
1590,1590,59.0,38.0
1591,1591,59.0,38.0
1592,1592,59.0,38.0
1593,1593,59.0,38.0
1594,1594,59.0,38.0
1595,1595,59.0,38.0
1596,1596,59.0,38.0
1597,1597,59.0,38.0
1598,1598,59.0,38.0
1599,1599,59.0,38.0
1600,1600,59.0,38.0
1601,1601,59.0,38.0
1602,1602,59.0,38.0
1603,1603,59.0,38.0
1604,1604,60.0,37.0
1605,1605,59.0,36.0
1606,1606,59.0,38.0
1607,1607,57.0,37.0
1608,1608,59.0,38.0
1609,1609,59.0,38.0
1610,1610,59.0,38.0
1611,1611,61.0,38.0
1612,1612,59.0,38.0
1613,1613,59.0,38.0
1614,1614,59.0,38.0
1615,1615,59.0,38.0
1616,1616,59.0,38.0
1617,1617,59.0,38.0
1618,1618,59.0,38.0
1619,1619,59.0,38.0
1620,1620,59.0,38.0
1621,1621,59.0,38.0
1622,1622,59.0,38.0
1623,1623,59.0,38.0
1624,1624,59.0,38.0
1625,1625,59.0,38.0
1626,1626,59.0,38.0
1627,1627,59.0,38.0
1628,1628,59.0,38.0
1629,1629,59.0,38.0
1630,1630,59.0,38.0
1631,1631,59.0,38.0
1632,1632,59.0,38.0
1633,1633,59.0,38.0
1634,1634,59.0,38.0
1635,1635,58.0,38.0
1636,1636,59.0,38.0
1637,1637,59.0,38.0
1638,1638,59.0,38.0
1639,1639,59.0,38.0
1640,1640,59.0,38.0
1641,1641,59.0,38.0
1642,1642,59.0,38.0
1643,1643,60.0,38.0
1644,1644,59.0,38.0
1645,1645,59.0,38.0
1646,1646,60.0,38.0
1647,1647,59.0,38.0
1648,1648,59.0,38.0
1649,1649,59.0,38.0
1650,1650,59.0,38.0
1651,1651,59.0,38.0
1652,1652,59.0,38.0
1653,1653,59.0,38.0
1654,1654,59.0,38.0
1655,1655,59.0,38.0
1656,1656,59.0,38.0
1657,1657,59.0,38.0
1658,1658,59.0,38.0
1659,1659,59.0,38.0
1660,1660,59.0,38.0
1661,1661,59.0,38.0
1662,1662,58.0,41.0
1663,1663,59.0,38.0
1664,1664,59.0,38.0
1665,1665,59.0,38.0
1666,1666,59.0,38.0
1667,1667,59.0,38.0
1668,1668,62.0,38.0
1669,1669,59.0,38.0
1670,1670,59.0,38.0
1671,1671,59.0,38.0
1672,1672,59.0,38.0
1673,1673,59.0,38.0
1674,1674,59.0,38.0
1675,1675,59.0,38.0
1676,1676,61.0,38.0
1677,1677,59.0,38.0
1678,1678,59.0,38.0
1679,1679,59.0,38.0
1680,1680,59.0,38.0
1681,1681,59.0,38.0
1682,1682,59.0,38.0
1683,1683,60.0,38.0
1684,1684,59.0,38.0
1685,1685,61.0,38.0
1686,1686,59.0,38.0
1687,1687,59.0,40.0
1688,1688,59.0,38.0
1689,1689,59.0,38.0
1690,1690,59.0,38.0
1691,1691,59.0,38.0
1692,1692,59.0,38.0
1693,1693,59.0,38.0
1694,1694,59.0,38.0
1695,1695,59.0,38.0
1696,1696,59.0,38.0
1697,1697,59.0,38.0
1698,1698,59.0,38.0
1699,1699,59.0,38.0
1700,1700,59.0,38.0
1701,1701,59.0,38.0
1702,1702,59.0,38.0
1703,1703,59.0,38.0
1704,1704,59.0,38.0
1705,1705,59.0,38.0
1706,1706,59.0,38.0
1707,1707,59.0,38.0
1708,1708,59.0,38.0
1709,1709,59.0,38.0
1710,1710,59.0,38.0
1711,1711,59.0,38.0
1712,1712,59.0,38.0
1713,1713,59.0,38.0
1714,1714,59.0,38.0
1715,1715,59.0,38.0
1716,1716,59.0,38.0
1717,1717,59.0,38.0
1718,1718,60.0,40.0
1719,1719,59.0,38.0
1720,1720,59.0,38.0
1721,1721,59.0,38.0
1722,1722,59.0,37.0
1723,1723,59.0,38.0
1724,1724,59.0,38.0
1725,1725,59.0,38.0
1726,1726,59.0,38.0
1727,1727,59.0,38.0
1728,1728,59.0,38.0
1729,1729,59.0,38.0
1730,1730,59.0,38.0
1731,1731,58.0,38.0
1732,1732,59.0,38.0
1733,1733,59.0,38.0
1734,1734,62.0,36.0
1735,1735,59.0,38.0
1736,1736,59.0,38.0
1737,1737,22.0,6.0
1738,1738,59.0,38.0
1739,1739,60.0,38.0
1740,1740,59.0,38.0
1741,1741,59.0,38.0
1742,1742,59.0,38.0
1743,1743,58.0,40.0
1744,1744,59.0,38.0
1745,1745,59.0,38.0
1746,1746,59.0,38.0
1747,1747,59.0,38.0
1748,1748,59.0,38.0
1749,1749,59.0,38.0
1750,1750,61.0,40.0
1751,1751,59.0,38.0
1752,1752,57.0,35.0
1753,1753,59.0,38.0
1754,1754,59.0,38.0
1755,1755,59.0,38.0
1756,1756,59.0,38.0
1757,1757,59.0,38.0
1758,1758,59.0,38.0
1759,1759,59.0,38.0
1760,1760,59.0,38.0
1761,1761,59.0,38.0
1762,1762,59.0,38.0
1763,1763,59.0,38.0
1764,1764,59.0,38.0
1765,1765,59.0,38.0
1766,1766,59.0,38.0
1767,1767,60.0,36.0
1768,1768,59.0,38.0
1769,1769,59.0,38.0
1770,1770,59.0,38.0
1771,1771,59.0,38.0
1772,1772,59.0,38.0
1773,1773,59.0,38.0
1774,1774,59.0,38.0
1775,1775,59.0,38.0
1776,1776,59.0,38.0
1777,1777,59.0,38.0
1778,1778,57.0,37.0
1779,1779,59.0,38.0
1780,1780,59.0,38.0
1781,1781,59.0,38.0
1782,1782,59.0,38.0
