,imageID,left_eye_outer_corner_x,left_eye_outer_corner_y
0,0,73.0,38.0
1,1,75.0,38.0
2,2,71.0,36.0
3,3,73.0,38.0
4,4,72.0,38.0
5,5,73.0,38.0
6,6,73.0,38.0
7,7,73.0,38.0
8,8,70.0,40.0
9,9,72.0,35.0
10,10,74.0,40.0
11,11,73.0,38.0
12,12,72.0,38.0
13,13,73.0,38.0
14,14,73.0,41.0
15,15,73.0,38.0
16,16,72.0,38.0
17,17,70.0,35.0
18,18,73.0,38.0
19,19,73.0,39.0
20,20,72.0,37.0
21,21,73.0,38.0
22,22,73.0,40.0
23,23,73.0,38.0
24,24,73.0,38.0
25,25,73.0,38.0
26,26,73.0,38.0
27,27,74.0,40.0
28,28,73.0,38.0
29,29,73.0,37.0
30,30,75.0,39.0
31,31,73.0,38.0
32,32,71.0,35.0
33,33,73.0,38.0
34,34,72.0,38.0
35,35,73.0,38.0
36,36,73.0,38.0
37,37,73.0,38.0
38,38,73.0,38.0
39,39,73.0,38.0
40,40,73.0,38.0
41,41,73.0,38.0
42,42,73.0,38.0
43,43,73.0,38.0
44,44,72.0,37.0
45,45,74.0,40.0
46,46,73.0,38.0
47,47,71.0,39.0
48,48,73.0,38.0
49,49,73.0,38.0
50,50,73.0,38.0
51,51,70.0,37.0
52,52,73.0,38.0
53,53,74.0,39.0
54,54,73.0,41.0
55,55,73.0,38.0
56,56,73.0,38.0
57,57,73.0,38.0
58,58,73.0,38.0
59,59,72.0,40.0
60,60,73.0,38.0
61,61,73.0,38.0
62,62,71.0,37.0
63,63,73.0,38.0
64,64,73.0,40.0
65,65,77.0,38.0
66,66,70.0,35.0
67,67,73.0,38.0
68,68,72.0,39.0
69,69,73.0,38.0
70,70,73.0,38.0
71,71,77.0,33.0
72,72,73.0,38.0
73,73,75.0,39.0
74,74,73.0,35.0
75,75,78.0,36.0
76,76,73.0,38.0
77,77,73.0,38.0
78,78,73.0,37.0
79,79,73.0,38.0
80,80,72.0,38.0
81,81,73.0,38.0
82,82,73.0,38.0
83,83,73.0,38.0
84,84,72.0,38.0
85,85,70.0,38.0
86,86,73.0,38.0
87,87,73.0,38.0
88,88,72.0,37.0
89,89,73.0,39.0
90,90,73.0,40.0
91,91,73.0,41.0
92,92,73.0,38.0
93,93,76.0,34.0
94,94,74.0,41.0
95,95,72.0,37.0
96,96,73.0,38.0
97,97,73.0,38.0
98,98,70.0,36.0
99,99,73.0,38.0
100,100,73.0,38.0
101,101,73.0,38.0
102,102,74.0,36.0
103,103,71.0,36.0
104,104,73.0,38.0
105,105,73.0,38.0
106,106,73.0,38.0
107,107,72.0,38.0
108,108,72.0,38.0
109,109,73.0,38.0
110,110,73.0,38.0
111,111,73.0,38.0
112,112,73.0,38.0
113,113,72.0,38.0
114,114,73.0,38.0
115,115,74.0,41.0
116,116,73.0,38.0
117,117,73.0,38.0
118,118,73.0,38.0
119,119,70.0,39.0
120,120,73.0,38.0
121,121,73.0,38.0
122,122,73.0,38.0
123,123,71.0,36.0
124,124,73.0,39.0
125,125,74.0,40.0
126,126,73.0,40.0
127,127,74.0,40.0
128,128,71.0,39.0
129,129,73.0,38.0
130,130,73.0,38.0
131,131,73.0,38.0
132,132,73.0,38.0
133,133,73.0,39.0
134,134,73.0,38.0
135,135,73.0,39.0
136,136,73.0,38.0
137,137,72.0,38.0
138,138,76.0,34.0
139,139,73.0,38.0
140,140,73.0,38.0
141,141,73.0,38.0
142,142,73.0,38.0
143,143,73.0,37.0
144,144,73.0,38.0
145,145,73.0,38.0
146,146,72.0,35.0
147,147,73.0,38.0
148,148,73.0,38.0
149,149,72.0,39.0
150,150,72.0,38.0
151,151,73.0,38.0
152,152,73.0,38.0
153,153,71.0,36.0
154,154,76.0,40.0
155,155,72.0,38.0
156,156,73.0,38.0
157,157,74.0,38.0
158,158,73.0,38.0
159,159,73.0,38.0
160,160,74.0,37.0
161,161,73.0,38.0
162,162,73.0,38.0
163,163,73.0,38.0
164,164,73.0,38.0
165,165,73.0,41.0
166,166,73.0,38.0
167,167,73.0,38.0
168,168,73.0,38.0
169,169,73.0,38.0
170,170,73.0,38.0
171,171,73.0,38.0
172,172,73.0,38.0
173,173,70.0,36.0
174,174,73.0,38.0
175,175,73.0,38.0
176,176,73.0,38.0
177,177,70.0,36.0
178,178,73.0,38.0
179,179,72.0,35.0
180,180,73.0,38.0
181,181,73.0,38.0
182,182,73.0,38.0
183,183,73.0,38.0
184,184,73.0,38.0
185,185,73.0,38.0
186,186,73.0,38.0
187,187,73.0,38.0
188,188,73.0,38.0
189,189,77.0,36.0
190,190,73.0,38.0
191,191,73.0,38.0
192,192,71.0,36.0
193,193,73.0,38.0
194,194,73.0,38.0
195,195,73.0,38.0
196,196,71.0,37.0
197,197,73.0,38.0
198,198,73.0,38.0
199,199,73.0,38.0
200,200,73.0,38.0
201,201,73.0,38.0
202,202,73.0,38.0
203,203,73.0,38.0
204,204,73.0,38.0
205,205,73.0,38.0
206,206,70.0,36.0
207,207,71.0,38.0
208,208,73.0,38.0
209,209,73.0,38.0
210,210,73.0,38.0
211,211,73.0,38.0
212,212,73.0,41.0
213,213,73.0,36.0
214,214,71.0,35.0
215,215,73.0,38.0
216,216,76.0,40.0
217,217,79.0,39.0
218,218,73.0,38.0
219,219,73.0,38.0
220,220,73.0,38.0
221,221,73.0,38.0
222,222,73.0,38.0
223,223,71.0,37.0
224,224,73.0,38.0
225,225,71.0,39.0
226,226,72.0,31.0
227,227,73.0,38.0
228,228,73.0,38.0
229,229,73.0,38.0
230,230,71.0,35.0
231,231,73.0,38.0
232,232,74.0,41.0
233,233,73.0,38.0
234,234,73.0,38.0
235,235,72.0,38.0
236,236,73.0,39.0
237,237,73.0,38.0
238,238,72.0,38.0
239,239,73.0,38.0
240,240,71.0,37.0
241,241,73.0,38.0
242,242,73.0,38.0
243,243,73.0,41.0
244,244,73.0,38.0
245,245,73.0,38.0
246,246,73.0,39.0
247,247,73.0,38.0
248,248,73.0,38.0
249,249,72.0,37.0
250,250,73.0,38.0
251,251,76.0,40.0
252,252,73.0,38.0
253,253,73.0,38.0
254,254,73.0,38.0
255,255,73.0,38.0
256,256,73.0,38.0
257,257,73.0,38.0
258,258,73.0,38.0
259,259,72.0,35.0
260,260,73.0,38.0
261,261,73.0,38.0
262,262,73.0,41.0
263,263,73.0,38.0
264,264,73.0,38.0
265,265,73.0,37.0
266,266,75.0,38.0
267,267,72.0,38.0
268,268,73.0,38.0
269,269,73.0,38.0
270,270,69.0,38.0
271,271,73.0,38.0
272,272,73.0,38.0
273,273,70.0,36.0
274,274,76.0,40.0
275,275,74.0,40.0
276,276,73.0,38.0
277,277,76.0,40.0
278,278,76.0,38.0
279,279,73.0,39.0
280,280,73.0,38.0
281,281,73.0,38.0
282,282,73.0,38.0
283,283,72.0,38.0
284,284,75.0,38.0
285,285,73.0,38.0
286,286,73.0,38.0
287,287,73.0,38.0
288,288,73.0,38.0
289,289,73.0,38.0
290,290,73.0,38.0
291,291,71.0,38.0
292,292,73.0,38.0
293,293,73.0,38.0
294,294,75.0,38.0
295,295,73.0,38.0
296,296,73.0,38.0
297,297,75.0,41.0
298,298,72.0,38.0
299,299,72.0,35.0
300,300,73.0,38.0
301,301,71.0,40.0
302,302,73.0,38.0
303,303,73.0,38.0
304,304,75.0,38.0
305,305,75.0,38.0
306,306,73.0,38.0
307,307,73.0,38.0
308,308,73.0,38.0
309,309,75.0,39.0
310,310,73.0,38.0
311,311,73.0,38.0
312,312,73.0,38.0
313,313,72.0,38.0
314,314,76.0,40.0
315,315,79.0,39.0
316,316,73.0,38.0
317,317,73.0,38.0
318,318,73.0,38.0
319,319,78.0,40.0
320,320,72.0,38.0
321,321,72.0,35.0
322,322,73.0,38.0
323,323,73.0,38.0
324,324,75.0,38.0
325,325,73.0,38.0
326,326,73.0,38.0
327,327,72.0,38.0
328,328,75.0,36.0
329,329,73.0,38.0
330,330,73.0,38.0
331,331,73.0,38.0
332,332,73.0,38.0
333,333,73.0,38.0
334,334,77.0,38.0
335,335,73.0,38.0
336,336,73.0,38.0
337,337,73.0,38.0
338,338,72.0,38.0
339,339,73.0,38.0
340,340,73.0,38.0
341,341,73.0,38.0
342,342,73.0,38.0
343,343,73.0,38.0
344,344,73.0,38.0
345,345,73.0,38.0
346,346,75.0,39.0
347,347,73.0,38.0
348,348,66.0,37.0
349,349,73.0,38.0
350,350,66.0,37.0
351,351,76.0,40.0
352,352,72.0,38.0
353,353,71.0,37.0
354,354,73.0,38.0
355,355,73.0,38.0
356,356,73.0,39.0
357,357,73.0,38.0
358,358,73.0,38.0
359,359,73.0,38.0
360,360,73.0,38.0
361,361,73.0,38.0
362,362,75.0,38.0
363,363,69.0,37.0
364,364,73.0,38.0
365,365,75.0,38.0
366,366,73.0,38.0
367,367,69.0,37.0
368,368,74.0,39.0
369,369,73.0,38.0
370,370,73.0,38.0
371,371,75.0,38.0
372,372,73.0,38.0
373,373,73.0,38.0
374,374,73.0,38.0
375,375,73.0,38.0
376,376,73.0,38.0
377,377,75.0,39.0
378,378,73.0,38.0
379,379,73.0,38.0
380,380,73.0,38.0
381,381,73.0,38.0
382,382,73.0,38.0
383,383,71.0,40.0
384,384,73.0,38.0
385,385,76.0,40.0
386,386,71.0,37.0
387,387,69.0,37.0
388,388,73.0,38.0
389,389,75.0,38.0
390,390,73.0,38.0
391,391,75.0,38.0
392,392,73.0,38.0
393,393,73.0,38.0
394,394,72.0,38.0
395,395,73.0,38.0
396,396,73.0,38.0
397,397,73.0,38.0
398,398,73.0,38.0
399,399,73.0,38.0
400,400,73.0,38.0
401,401,73.0,38.0
402,402,73.0,38.0
403,403,73.0,38.0
404,404,73.0,38.0
405,405,73.0,38.0
406,406,73.0,38.0
407,407,73.0,38.0
408,408,73.0,38.0
409,409,73.0,38.0
410,410,73.0,38.0
411,411,76.0,40.0
412,412,73.0,38.0
413,413,73.0,38.0
414,414,73.0,38.0
415,415,77.0,38.0
416,416,73.0,38.0
417,417,73.0,38.0
418,418,73.0,38.0
419,419,73.0,38.0
420,420,73.0,38.0
421,421,73.0,38.0
422,422,73.0,38.0
423,423,73.0,38.0
424,424,73.0,38.0
425,425,73.0,38.0
426,426,73.0,38.0
427,427,73.0,38.0
428,428,73.0,38.0
429,429,73.0,38.0
430,430,73.0,38.0
431,431,73.0,38.0
432,432,73.0,38.0
433,433,73.0,38.0
434,434,73.0,38.0
435,435,73.0,38.0
436,436,74.0,42.0
437,437,73.0,38.0
438,438,78.0,37.0
439,439,73.0,38.0
440,440,73.0,38.0
441,441,73.0,38.0
442,442,73.0,38.0
443,443,73.0,38.0
444,444,73.0,38.0
445,445,73.0,38.0
446,446,73.0,38.0
447,447,73.0,38.0
448,448,73.0,38.0
449,449,73.0,38.0
450,450,75.0,38.0
451,451,73.0,38.0
452,452,75.0,36.0
453,453,73.0,38.0
454,454,72.0,31.0
455,455,73.0,38.0
456,456,73.0,38.0
457,457,73.0,38.0
458,458,75.0,37.0
459,459,73.0,38.0
460,460,73.0,38.0
461,461,73.0,38.0
462,462,73.0,38.0
463,463,73.0,38.0
464,464,73.0,38.0
465,465,73.0,38.0
466,466,73.0,38.0
467,467,73.0,38.0
468,468,73.0,38.0
469,469,73.0,38.0
470,470,73.0,38.0
471,471,73.0,38.0
472,472,73.0,38.0
473,473,73.0,38.0
474,474,73.0,38.0
475,475,73.0,38.0
476,476,73.0,38.0
477,477,73.0,38.0
478,478,73.0,38.0
479,479,73.0,38.0
480,480,73.0,38.0
481,481,73.0,38.0
482,482,73.0,38.0
483,483,73.0,38.0
484,484,71.0,37.0
485,485,73.0,38.0
486,486,73.0,38.0
487,487,73.0,38.0
488,488,73.0,38.0
489,489,73.0,38.0
490,490,73.0,38.0
491,491,77.0,38.0
492,492,73.0,38.0
493,493,73.0,38.0
494,494,72.0,31.0
495,495,73.0,38.0
496,496,73.0,38.0
497,497,73.0,38.0
498,498,73.0,38.0
499,499,73.0,38.0
500,500,73.0,37.0
501,501,73.0,38.0
502,502,76.0,40.0
503,503,73.0,38.0
504,504,73.0,38.0
505,505,73.0,38.0
506,506,73.0,38.0
507,507,73.0,38.0
508,508,73.0,38.0
509,509,73.0,38.0
510,510,74.0,40.0
511,511,73.0,38.0
512,512,73.0,38.0
513,513,73.0,38.0
514,514,73.0,38.0
515,515,73.0,38.0
516,516,73.0,38.0
517,517,73.0,38.0
518,518,73.0,38.0
519,519,73.0,38.0
520,520,73.0,38.0
521,521,73.0,38.0
522,522,73.0,38.0
523,523,73.0,38.0
524,524,73.0,38.0
525,525,73.0,38.0
526,526,73.0,38.0
527,527,73.0,38.0
528,528,73.0,38.0
529,529,73.0,38.0
530,530,73.0,38.0
531,531,73.0,38.0
532,532,73.0,38.0
533,533,73.0,38.0
534,534,73.0,38.0
535,535,73.0,38.0
536,536,73.0,38.0
537,537,73.0,38.0
538,538,73.0,38.0
539,539,73.0,38.0
540,540,73.0,38.0
541,541,73.0,38.0
542,542,73.0,38.0
543,543,73.0,38.0
544,544,73.0,38.0
545,545,73.0,38.0
546,546,73.0,38.0
547,547,72.0,37.0
548,548,73.0,38.0
549,549,73.0,38.0
550,550,73.0,38.0
551,551,71.0,38.0
552,552,73.0,38.0
553,553,71.0,36.0
554,554,73.0,38.0
555,555,73.0,38.0
556,556,73.0,38.0
557,557,73.0,38.0
558,558,73.0,38.0
559,559,73.0,38.0
560,560,73.0,38.0
561,561,73.0,38.0
562,562,73.0,38.0
563,563,73.0,38.0
564,564,73.0,38.0
565,565,75.0,39.0
566,566,73.0,38.0
567,567,74.0,36.0
568,568,73.0,38.0
569,569,73.0,38.0
570,570,73.0,38.0
571,571,73.0,38.0
572,572,73.0,38.0
573,573,73.0,38.0
574,574,73.0,38.0
575,575,73.0,37.0
576,576,73.0,38.0
577,577,76.0,38.0
578,578,75.0,38.0
579,579,73.0,38.0
580,580,73.0,38.0
581,581,73.0,38.0
582,582,73.0,38.0
583,583,73.0,38.0
584,584,73.0,38.0
585,585,73.0,38.0
586,586,73.0,38.0
587,587,73.0,38.0
588,588,73.0,38.0
589,589,73.0,38.0
590,590,73.0,38.0
591,591,73.0,38.0
592,592,73.0,38.0
593,593,73.0,38.0
594,594,73.0,38.0
595,595,73.0,38.0
596,596,73.0,38.0
597,597,73.0,38.0
598,598,73.0,38.0
599,599,73.0,38.0
600,600,73.0,38.0
601,601,73.0,38.0
602,602,73.0,38.0
603,603,73.0,38.0
604,604,73.0,38.0
605,605,73.0,38.0
606,606,73.0,38.0
607,607,73.0,38.0
608,608,73.0,38.0
609,609,73.0,38.0
610,610,73.0,38.0
611,611,73.0,38.0
612,612,73.0,38.0
613,613,73.0,38.0
614,614,73.0,38.0
615,615,73.0,38.0
616,616,73.0,38.0
617,617,73.0,38.0
618,618,73.0,38.0
619,619,73.0,38.0
620,620,73.0,38.0
621,621,73.0,38.0
622,622,73.0,38.0
623,623,73.0,38.0
624,624,73.0,38.0
625,625,73.0,38.0
626,626,73.0,38.0
627,627,73.0,38.0
628,628,73.0,38.0
629,629,73.0,38.0
630,630,73.0,38.0
631,631,73.0,38.0
632,632,73.0,38.0
633,633,73.0,38.0
634,634,73.0,38.0
635,635,73.0,38.0
636,636,73.0,38.0
637,637,73.0,38.0
638,638,73.0,38.0
639,639,73.0,38.0
640,640,73.0,38.0
641,641,73.0,38.0
642,642,73.0,38.0
643,643,73.0,38.0
644,644,73.0,38.0
645,645,73.0,38.0
646,646,73.0,38.0
647,647,73.0,38.0
648,648,73.0,38.0
649,649,73.0,38.0
650,650,73.0,38.0
651,651,73.0,38.0
652,652,73.0,38.0
653,653,73.0,38.0
654,654,73.0,38.0
655,655,73.0,38.0
656,656,73.0,38.0
657,657,73.0,38.0
658,658,73.0,38.0
659,659,73.0,38.0
660,660,73.0,38.0
661,661,73.0,38.0
662,662,73.0,38.0
663,663,73.0,38.0
664,664,73.0,38.0
665,665,73.0,38.0
666,666,74.0,39.0
667,667,73.0,38.0
668,668,73.0,38.0
669,669,73.0,38.0
670,670,73.0,38.0
671,671,73.0,38.0
672,672,73.0,38.0
673,673,73.0,38.0
674,674,73.0,38.0
675,675,73.0,38.0
676,676,73.0,38.0
677,677,73.0,38.0
678,678,73.0,38.0
679,679,73.0,38.0
680,680,73.0,38.0
681,681,73.0,38.0
682,682,73.0,38.0
683,683,71.0,37.0
684,684,73.0,38.0
685,685,73.0,38.0
686,686,73.0,38.0
687,687,73.0,38.0
688,688,73.0,38.0
689,689,73.0,38.0
690,690,75.0,38.0
691,691,73.0,38.0
692,692,73.0,38.0
693,693,73.0,38.0
694,694,79.0,34.0
695,695,73.0,38.0
696,696,73.0,38.0
697,697,73.0,38.0
698,698,66.0,37.0
699,699,73.0,38.0
700,700,73.0,38.0
701,701,73.0,38.0
702,702,73.0,38.0
703,703,73.0,38.0
704,704,73.0,38.0
705,705,73.0,38.0
706,706,73.0,38.0
707,707,73.0,38.0
708,708,73.0,38.0
709,709,73.0,38.0
710,710,73.0,38.0
711,711,73.0,38.0
712,712,72.0,38.0
713,713,73.0,38.0
714,714,73.0,38.0
715,715,73.0,38.0
716,716,73.0,38.0
717,717,73.0,38.0
718,718,73.0,38.0
719,719,73.0,38.0
720,720,73.0,38.0
721,721,73.0,38.0
722,722,73.0,38.0
723,723,73.0,38.0
724,724,73.0,38.0
725,725,73.0,38.0
726,726,72.0,38.0
727,727,73.0,38.0
728,728,73.0,38.0
729,729,73.0,38.0
730,730,73.0,38.0
731,731,73.0,38.0
732,732,73.0,38.0
733,733,73.0,38.0
734,734,73.0,38.0
735,735,73.0,38.0
736,736,73.0,38.0
737,737,73.0,38.0
738,738,73.0,38.0
739,739,73.0,38.0
740,740,73.0,38.0
741,741,73.0,38.0
742,742,73.0,38.0
743,743,73.0,38.0
744,744,73.0,38.0
745,745,73.0,38.0
746,746,73.0,38.0
747,747,73.0,38.0
748,748,73.0,38.0
749,749,73.0,38.0
750,750,73.0,38.0
751,751,73.0,38.0
752,752,73.0,38.0
753,753,73.0,38.0
754,754,73.0,38.0
755,755,73.0,38.0
756,756,73.0,38.0
757,757,73.0,38.0
758,758,73.0,38.0
759,759,73.0,38.0
760,760,75.0,39.0
761,761,73.0,38.0
762,762,71.0,36.0
763,763,73.0,38.0
764,764,73.0,38.0
765,765,73.0,38.0
766,766,73.0,38.0
767,767,73.0,38.0
768,768,73.0,38.0
769,769,73.0,38.0
770,770,73.0,38.0
771,771,73.0,38.0
772,772,73.0,38.0
773,773,73.0,38.0
774,774,73.0,38.0
775,775,73.0,38.0
776,776,73.0,38.0
777,777,73.0,38.0
778,778,73.0,38.0
779,779,73.0,38.0
780,780,73.0,38.0
781,781,77.0,38.0
782,782,73.0,38.0
783,783,73.0,38.0
784,784,73.0,38.0
785,785,73.0,38.0
786,786,73.0,38.0
787,787,73.0,38.0
788,788,71.0,36.0
789,789,73.0,38.0
790,790,73.0,38.0
791,791,73.0,38.0
792,792,73.0,38.0
793,793,73.0,38.0
794,794,73.0,38.0
795,795,73.0,38.0
796,796,73.0,38.0
797,797,73.0,38.0
798,798,73.0,38.0
799,799,73.0,38.0
800,800,73.0,38.0
801,801,73.0,38.0
802,802,73.0,38.0
803,803,73.0,38.0
804,804,73.0,38.0
805,805,73.0,38.0
806,806,51.0,57.0
807,807,73.0,38.0
808,808,70.0,37.0
809,809,73.0,38.0
810,810,73.0,38.0
811,811,73.0,38.0
812,812,73.0,38.0
813,813,73.0,38.0
814,814,73.0,38.0
815,815,73.0,38.0
816,816,73.0,38.0
817,817,73.0,38.0
818,818,73.0,38.0
819,819,73.0,38.0
820,820,73.0,38.0
821,821,73.0,38.0
822,822,73.0,38.0
823,823,73.0,38.0
824,824,73.0,38.0
825,825,73.0,38.0
826,826,73.0,38.0
827,827,73.0,38.0
828,828,73.0,38.0
829,829,73.0,38.0
830,830,73.0,38.0
831,831,73.0,38.0
832,832,73.0,38.0
833,833,73.0,38.0
834,834,73.0,38.0
835,835,73.0,38.0
836,836,73.0,38.0
837,837,73.0,38.0
838,838,73.0,38.0
839,839,73.0,38.0
840,840,73.0,38.0
841,841,73.0,38.0
842,842,73.0,38.0
843,843,73.0,38.0
844,844,73.0,38.0
845,845,73.0,38.0
846,846,73.0,38.0
847,847,73.0,38.0
848,848,73.0,38.0
849,849,73.0,38.0
850,850,73.0,38.0
851,851,73.0,38.0
852,852,73.0,38.0
853,853,73.0,38.0
854,854,73.0,38.0
855,855,73.0,38.0
856,856,73.0,38.0
857,857,73.0,38.0
858,858,73.0,38.0
859,859,73.0,38.0
860,860,73.0,38.0
861,861,73.0,38.0
862,862,73.0,38.0
863,863,73.0,38.0
864,864,73.0,38.0
865,865,73.0,38.0
866,866,73.0,38.0
867,867,73.0,38.0
868,868,73.0,38.0
869,869,73.0,38.0
870,870,73.0,38.0
871,871,73.0,38.0
872,872,73.0,38.0
873,873,73.0,38.0
874,874,74.0,40.0
875,875,73.0,38.0
876,876,73.0,38.0
877,877,73.0,38.0
878,878,73.0,38.0
879,879,73.0,38.0
880,880,73.0,38.0
881,881,73.0,38.0
882,882,73.0,38.0
883,883,73.0,38.0
884,884,73.0,38.0
885,885,73.0,38.0
886,886,73.0,38.0
887,887,73.0,38.0
888,888,73.0,38.0
889,889,73.0,38.0
890,890,73.0,38.0
891,891,73.0,38.0
892,892,73.0,38.0
893,893,73.0,38.0
894,894,73.0,38.0
895,895,73.0,38.0
896,896,73.0,38.0
897,897,73.0,38.0
898,898,73.0,38.0
899,899,73.0,38.0
900,900,73.0,38.0
901,901,73.0,38.0
902,902,73.0,38.0
903,903,73.0,38.0
904,904,73.0,38.0
905,905,77.0,35.0
906,906,73.0,38.0
907,907,73.0,38.0
908,908,73.0,38.0
909,909,73.0,38.0
910,910,73.0,38.0
911,911,73.0,38.0
912,912,73.0,38.0
913,913,73.0,38.0
914,914,73.0,38.0
915,915,73.0,38.0
916,916,73.0,38.0
917,917,73.0,38.0
918,918,66.0,37.0
919,919,73.0,38.0
920,920,73.0,38.0
921,921,73.0,38.0
922,922,73.0,38.0
923,923,73.0,38.0
924,924,73.0,38.0
925,925,73.0,38.0
926,926,73.0,38.0
927,927,73.0,38.0
928,928,73.0,38.0
929,929,73.0,38.0
930,930,73.0,38.0
931,931,73.0,38.0
932,932,73.0,38.0
933,933,73.0,38.0
934,934,73.0,38.0
935,935,73.0,38.0
936,936,73.0,38.0
937,937,73.0,38.0
938,938,73.0,38.0
939,939,73.0,38.0
940,940,73.0,38.0
941,941,73.0,38.0
942,942,73.0,38.0
943,943,73.0,38.0
944,944,73.0,38.0
945,945,73.0,38.0
946,946,73.0,38.0
947,947,73.0,38.0
948,948,73.0,38.0
949,949,73.0,38.0
950,950,73.0,38.0
951,951,73.0,38.0
952,952,73.0,38.0
953,953,73.0,38.0
954,954,73.0,38.0
955,955,73.0,38.0
956,956,73.0,38.0
957,957,68.0,37.0
958,958,73.0,38.0
959,959,73.0,38.0
960,960,73.0,38.0
961,961,73.0,38.0
962,962,73.0,38.0
963,963,73.0,38.0
964,964,73.0,38.0
965,965,73.0,38.0
966,966,73.0,38.0
967,967,73.0,38.0
968,968,73.0,38.0
969,969,73.0,38.0
970,970,73.0,38.0
971,971,73.0,38.0
972,972,73.0,38.0
973,973,73.0,38.0
974,974,73.0,38.0
975,975,73.0,38.0
976,976,73.0,38.0
977,977,74.0,37.0
978,978,73.0,38.0
979,979,73.0,38.0
980,980,73.0,38.0
981,981,73.0,38.0
982,982,73.0,38.0
983,983,76.0,41.0
984,984,79.0,34.0
985,985,73.0,38.0
986,986,73.0,38.0
987,987,73.0,38.0
988,988,73.0,38.0
989,989,73.0,38.0
990,990,72.0,31.0
991,991,72.0,38.0
992,992,73.0,38.0
993,993,73.0,38.0
994,994,73.0,38.0
995,995,73.0,38.0
996,996,73.0,38.0
997,997,73.0,38.0
998,998,73.0,38.0
999,999,73.0,38.0
1000,1000,73.0,38.0
1001,1001,73.0,38.0
1002,1002,73.0,38.0
1003,1003,73.0,38.0
1004,1004,73.0,38.0
1005,1005,73.0,38.0
1006,1006,73.0,38.0
1007,1007,73.0,38.0
1008,1008,73.0,38.0
1009,1009,73.0,38.0
1010,1010,73.0,38.0
1011,1011,73.0,38.0
1012,1012,73.0,38.0
1013,1013,73.0,38.0
1014,1014,73.0,38.0
1015,1015,73.0,38.0
1016,1016,73.0,38.0
1017,1017,73.0,38.0
1018,1018,73.0,38.0
1019,1019,73.0,38.0
1020,1020,73.0,38.0
1021,1021,73.0,38.0
1022,1022,73.0,38.0
1023,1023,73.0,38.0
1024,1024,73.0,38.0
1025,1025,73.0,38.0
1026,1026,73.0,38.0
1027,1027,73.0,38.0
1028,1028,73.0,38.0
1029,1029,73.0,38.0
1030,1030,73.0,38.0
1031,1031,73.0,38.0
1032,1032,73.0,38.0
1033,1033,73.0,38.0
1034,1034,73.0,38.0
1035,1035,73.0,38.0
1036,1036,73.0,38.0
1037,1037,73.0,38.0
1038,1038,73.0,38.0
1039,1039,73.0,38.0
1040,1040,73.0,38.0
1041,1041,73.0,38.0
1042,1042,73.0,38.0
1043,1043,73.0,38.0
1044,1044,73.0,38.0
1045,1045,73.0,38.0
1046,1046,73.0,38.0
1047,1047,73.0,38.0
1048,1048,73.0,38.0
1049,1049,73.0,38.0
1050,1050,73.0,38.0
1051,1051,73.0,38.0
1052,1052,73.0,38.0
1053,1053,73.0,38.0
1054,1054,73.0,38.0
1055,1055,73.0,38.0
1056,1056,73.0,38.0
1057,1057,73.0,38.0
1058,1058,73.0,38.0
1059,1059,72.0,37.0
1060,1060,73.0,38.0
1061,1061,73.0,38.0
1062,1062,73.0,38.0
1063,1063,73.0,38.0
1064,1064,73.0,38.0
1065,1065,73.0,38.0
1066,1066,73.0,38.0
1067,1067,72.0,38.0
1068,1068,73.0,38.0
1069,1069,73.0,38.0
1070,1070,73.0,38.0
1071,1071,73.0,38.0
1072,1072,73.0,38.0
1073,1073,73.0,38.0
1074,1074,73.0,38.0
1075,1075,73.0,38.0
1076,1076,73.0,38.0
1077,1077,71.0,38.0
1078,1078,73.0,38.0
1079,1079,73.0,38.0
1080,1080,73.0,38.0
1081,1081,73.0,38.0
1082,1082,73.0,38.0
1083,1083,73.0,38.0
1084,1084,73.0,38.0
1085,1085,73.0,38.0
1086,1086,73.0,38.0
1087,1087,73.0,38.0
1088,1088,73.0,38.0
1089,1089,73.0,38.0
1090,1090,73.0,38.0
1091,1091,73.0,38.0
1092,1092,73.0,38.0
1093,1093,73.0,38.0
1094,1094,73.0,38.0
1095,1095,73.0,38.0
1096,1096,73.0,38.0
1097,1097,73.0,38.0
1098,1098,73.0,38.0
1099,1099,73.0,38.0
1100,1100,73.0,38.0
1101,1101,73.0,38.0
1102,1102,73.0,38.0
1103,1103,73.0,38.0
1104,1104,73.0,38.0
1105,1105,73.0,38.0
1106,1106,73.0,38.0
1107,1107,73.0,38.0
1108,1108,73.0,38.0
1109,1109,73.0,38.0
1110,1110,75.0,39.0
1111,1111,73.0,38.0
1112,1112,73.0,38.0
1113,1113,73.0,38.0
1114,1114,73.0,38.0
1115,1115,73.0,38.0
1116,1116,76.0,40.0
1117,1117,73.0,38.0
1118,1118,73.0,38.0
1119,1119,73.0,38.0
1120,1120,73.0,38.0
1121,1121,73.0,38.0
1122,1122,73.0,38.0
1123,1123,73.0,38.0
1124,1124,73.0,38.0
1125,1125,72.0,31.0
1126,1126,73.0,38.0
1127,1127,73.0,38.0
1128,1128,73.0,38.0
1129,1129,73.0,38.0
1130,1130,73.0,38.0
1131,1131,73.0,38.0
1132,1132,73.0,38.0
1133,1133,73.0,38.0
1134,1134,73.0,38.0
1135,1135,73.0,38.0
1136,1136,73.0,38.0
1137,1137,73.0,38.0
1138,1138,73.0,38.0
1139,1139,73.0,38.0
1140,1140,73.0,38.0
1141,1141,76.0,40.0
1142,1142,73.0,38.0
1143,1143,73.0,38.0
1144,1144,73.0,38.0
1145,1145,73.0,38.0
1146,1146,76.0,38.0
1147,1147,73.0,38.0
1148,1148,73.0,38.0
1149,1149,73.0,38.0
1150,1150,73.0,38.0
1151,1151,73.0,38.0
1152,1152,73.0,38.0
1153,1153,73.0,38.0
1154,1154,73.0,38.0
1155,1155,73.0,38.0
1156,1156,73.0,38.0
1157,1157,73.0,38.0
1158,1158,73.0,38.0
1159,1159,73.0,38.0
1160,1160,73.0,38.0
1161,1161,73.0,38.0
1162,1162,73.0,38.0
1163,1163,73.0,38.0
1164,1164,73.0,38.0
1165,1165,73.0,38.0
1166,1166,73.0,38.0
1167,1167,73.0,38.0
1168,1168,73.0,38.0
1169,1169,73.0,38.0
1170,1170,75.0,38.0
1171,1171,73.0,38.0
1172,1172,73.0,38.0
1173,1173,73.0,38.0
1174,1174,73.0,38.0
1175,1175,73.0,38.0
1176,1176,73.0,38.0
1177,1177,73.0,38.0
1178,1178,73.0,38.0
1179,1179,73.0,38.0
1180,1180,73.0,38.0
1181,1181,73.0,38.0
1182,1182,74.0,35.0
1183,1183,73.0,38.0
1184,1184,73.0,38.0
1185,1185,73.0,38.0
1186,1186,73.0,38.0
1187,1187,73.0,38.0
1188,1188,73.0,38.0
1189,1189,73.0,38.0
1190,1190,73.0,38.0
1191,1191,73.0,38.0
1192,1192,73.0,38.0
1193,1193,73.0,38.0
1194,1194,73.0,38.0
1195,1195,73.0,38.0
1196,1196,73.0,38.0
1197,1197,73.0,38.0
1198,1198,73.0,38.0
1199,1199,73.0,38.0
1200,1200,73.0,38.0
1201,1201,73.0,38.0
1202,1202,65.0,31.0
1203,1203,73.0,38.0
1204,1204,73.0,38.0
1205,1205,73.0,38.0
1206,1206,73.0,38.0
1207,1207,73.0,38.0
1208,1208,77.0,36.0
1209,1209,73.0,38.0
1210,1210,73.0,38.0
1211,1211,73.0,38.0
1212,1212,73.0,38.0
1213,1213,73.0,38.0
1214,1214,73.0,38.0
1215,1215,73.0,38.0
1216,1216,73.0,38.0
1217,1217,73.0,38.0
1218,1218,73.0,38.0
1219,1219,73.0,38.0
1220,1220,73.0,38.0
1221,1221,73.0,38.0
1222,1222,73.0,38.0
1223,1223,73.0,38.0
1224,1224,73.0,38.0
1225,1225,73.0,38.0
1226,1226,73.0,38.0
1227,1227,73.0,38.0
1228,1228,73.0,38.0
1229,1229,73.0,38.0
1230,1230,73.0,38.0
1231,1231,73.0,38.0
1232,1232,73.0,38.0
1233,1233,73.0,38.0
1234,1234,72.0,37.0
1235,1235,73.0,38.0
1236,1236,73.0,38.0
1237,1237,73.0,38.0
1238,1238,73.0,38.0
1239,1239,73.0,38.0
1240,1240,73.0,38.0
1241,1241,73.0,38.0
1242,1242,73.0,38.0
1243,1243,73.0,38.0
1244,1244,73.0,38.0
1245,1245,73.0,38.0
1246,1246,73.0,38.0
1247,1247,73.0,38.0
1248,1248,73.0,38.0
1249,1249,73.0,38.0
1250,1250,73.0,38.0
1251,1251,73.0,38.0
1252,1252,73.0,38.0
1253,1253,73.0,38.0
1254,1254,73.0,38.0
1255,1255,73.0,38.0
1256,1256,73.0,38.0
1257,1257,73.0,38.0
1258,1258,73.0,38.0
1259,1259,73.0,38.0
1260,1260,73.0,38.0
1261,1261,73.0,38.0
1262,1262,73.0,38.0
1263,1263,73.0,38.0
1264,1264,73.0,38.0
1265,1265,73.0,38.0
1266,1266,73.0,38.0
1267,1267,73.0,38.0
1268,1268,73.0,38.0
1269,1269,73.0,38.0
1270,1270,73.0,38.0
1271,1271,73.0,38.0
1272,1272,73.0,38.0
1273,1273,73.0,38.0
1274,1274,73.0,38.0
1275,1275,73.0,38.0
1276,1276,73.0,38.0
1277,1277,73.0,38.0
1278,1278,73.0,38.0
1279,1279,73.0,38.0
1280,1280,73.0,38.0
1281,1281,73.0,38.0
1282,1282,73.0,38.0
1283,1283,73.0,38.0
1284,1284,73.0,38.0
1285,1285,73.0,38.0
1286,1286,73.0,38.0
1287,1287,72.0,38.0
1288,1288,73.0,38.0
1289,1289,73.0,38.0
1290,1290,73.0,38.0
1291,1291,73.0,38.0
1292,1292,73.0,38.0
1293,1293,73.0,38.0
1294,1294,73.0,38.0
1295,1295,73.0,38.0
1296,1296,73.0,38.0
1297,1297,73.0,38.0
1298,1298,73.0,38.0
1299,1299,73.0,38.0
1300,1300,73.0,38.0
1301,1301,73.0,38.0
1302,1302,73.0,38.0
1303,1303,73.0,38.0
1304,1304,73.0,38.0
1305,1305,73.0,38.0
1306,1306,73.0,38.0
1307,1307,73.0,38.0
1308,1308,73.0,38.0
1309,1309,73.0,38.0
1310,1310,73.0,38.0
1311,1311,73.0,38.0
1312,1312,73.0,38.0
1313,1313,73.0,38.0
1314,1314,73.0,38.0
1315,1315,73.0,38.0
1316,1316,73.0,38.0
1317,1317,73.0,38.0
1318,1318,73.0,38.0
1319,1319,73.0,38.0
1320,1320,73.0,38.0
1321,1321,73.0,38.0
1322,1322,73.0,38.0
1323,1323,73.0,38.0
1324,1324,73.0,38.0
1325,1325,73.0,38.0
1326,1326,73.0,38.0
1327,1327,73.0,38.0
1328,1328,73.0,38.0
1329,1329,73.0,38.0
1330,1330,73.0,38.0
1331,1331,73.0,38.0
1332,1332,73.0,38.0
1333,1333,73.0,38.0
1334,1334,73.0,38.0
1335,1335,76.0,40.0
1336,1336,73.0,38.0
1337,1337,73.0,38.0
1338,1338,73.0,38.0
1339,1339,73.0,38.0
1340,1340,73.0,38.0
1341,1341,73.0,38.0
1342,1342,73.0,38.0
1343,1343,73.0,38.0
1344,1344,73.0,37.0
1345,1345,73.0,38.0
1346,1346,73.0,38.0
1347,1347,73.0,38.0
1348,1348,73.0,38.0
1349,1349,73.0,38.0
1350,1350,73.0,38.0
1351,1351,73.0,38.0
1352,1352,73.0,38.0
1353,1353,73.0,38.0
1354,1354,73.0,38.0
1355,1355,73.0,38.0
1356,1356,73.0,38.0
1357,1357,73.0,38.0
1358,1358,73.0,38.0
1359,1359,73.0,38.0
1360,1360,73.0,38.0
1361,1361,73.0,38.0
1362,1362,73.0,38.0
1363,1363,73.0,38.0
1364,1364,73.0,38.0
1365,1365,73.0,38.0
1366,1366,73.0,38.0
1367,1367,73.0,38.0
1368,1368,73.0,38.0
1369,1369,73.0,38.0
1370,1370,73.0,38.0
1371,1371,73.0,38.0
1372,1372,73.0,38.0
1373,1373,73.0,38.0
1374,1374,73.0,38.0
1375,1375,73.0,38.0
1376,1376,73.0,38.0
1377,1377,74.0,36.0
1378,1378,73.0,38.0
1379,1379,73.0,38.0
1380,1380,73.0,38.0
1381,1381,73.0,38.0
1382,1382,73.0,38.0
1383,1383,73.0,38.0
1384,1384,73.0,38.0
1385,1385,73.0,38.0
1386,1386,73.0,38.0
1387,1387,73.0,38.0
1388,1388,73.0,38.0
1389,1389,73.0,38.0
1390,1390,73.0,38.0
1391,1391,73.0,38.0
1392,1392,74.0,41.0
1393,1393,73.0,38.0
1394,1394,73.0,38.0
1395,1395,73.0,38.0
1396,1396,73.0,38.0
1397,1397,73.0,38.0
1398,1398,73.0,38.0
1399,1399,73.0,38.0
1400,1400,73.0,38.0
1401,1401,73.0,38.0
1402,1402,73.0,38.0
1403,1403,73.0,38.0
1404,1404,73.0,38.0
1405,1405,73.0,38.0
1406,1406,73.0,38.0
1407,1407,73.0,38.0
1408,1408,73.0,38.0
1409,1409,73.0,38.0
1410,1410,73.0,38.0
1411,1411,73.0,38.0
1412,1412,73.0,38.0
1413,1413,73.0,38.0
1414,1414,73.0,38.0
1415,1415,73.0,38.0
1416,1416,73.0,38.0
1417,1417,73.0,38.0
1418,1418,73.0,38.0
1419,1419,73.0,38.0
1420,1420,73.0,38.0
1421,1421,73.0,38.0
1422,1422,73.0,38.0
1423,1423,73.0,38.0
1424,1424,77.0,36.0
1425,1425,73.0,38.0
1426,1426,73.0,38.0
1427,1427,73.0,38.0
1428,1428,73.0,38.0
1429,1429,73.0,38.0
1430,1430,73.0,38.0
1431,1431,73.0,38.0
1432,1432,73.0,38.0
1433,1433,73.0,38.0
1434,1434,73.0,38.0
1435,1435,73.0,38.0
1436,1436,73.0,38.0
1437,1437,73.0,38.0
1438,1438,73.0,38.0
1439,1439,73.0,38.0
1440,1440,73.0,38.0
1441,1441,73.0,38.0
1442,1442,73.0,38.0
1443,1443,73.0,38.0
1444,1444,73.0,38.0
1445,1445,73.0,38.0
1446,1446,73.0,38.0
1447,1447,73.0,38.0
1448,1448,73.0,38.0
1449,1449,73.0,38.0
1450,1450,73.0,38.0
1451,1451,73.0,38.0
1452,1452,73.0,38.0
1453,1453,73.0,38.0
1454,1454,73.0,38.0
1455,1455,73.0,38.0
1456,1456,73.0,38.0
1457,1457,73.0,38.0
1458,1458,73.0,38.0
1459,1459,73.0,38.0
1460,1460,73.0,38.0
1461,1461,73.0,38.0
1462,1462,73.0,38.0
1463,1463,73.0,38.0
1464,1464,73.0,38.0
1465,1465,73.0,38.0
1466,1466,73.0,38.0
1467,1467,73.0,38.0
1468,1468,73.0,38.0
1469,1469,73.0,38.0
1470,1470,73.0,38.0
1471,1471,73.0,38.0
1472,1472,73.0,38.0
1473,1473,73.0,38.0
1474,1474,73.0,38.0
1475,1475,73.0,38.0
1476,1476,73.0,38.0
1477,1477,73.0,38.0
1478,1478,73.0,38.0
1479,1479,73.0,38.0
1480,1480,73.0,38.0
1481,1481,73.0,38.0
1482,1482,73.0,38.0
1483,1483,73.0,38.0
1484,1484,73.0,38.0
1485,1485,73.0,38.0
1486,1486,73.0,38.0
1487,1487,73.0,38.0
1488,1488,73.0,38.0
1489,1489,72.0,35.0
1490,1490,73.0,38.0
1491,1491,73.0,38.0
1492,1492,73.0,38.0
1493,1493,73.0,38.0
1494,1494,73.0,38.0
1495,1495,73.0,38.0
1496,1496,73.0,38.0
1497,1497,73.0,38.0
1498,1498,73.0,38.0
1499,1499,73.0,38.0
1500,1500,73.0,38.0
1501,1501,73.0,38.0
1502,1502,73.0,38.0
1503,1503,73.0,38.0
1504,1504,73.0,38.0
1505,1505,73.0,38.0
1506,1506,73.0,38.0
1507,1507,73.0,38.0
1508,1508,73.0,38.0
1509,1509,73.0,38.0
1510,1510,73.0,38.0
1511,1511,73.0,38.0
1512,1512,73.0,38.0
1513,1513,73.0,38.0
1514,1514,73.0,38.0
1515,1515,73.0,38.0
1516,1516,73.0,38.0
1517,1517,73.0,38.0
1518,1518,75.0,39.0
1519,1519,73.0,38.0
1520,1520,73.0,38.0
1521,1521,73.0,38.0
1522,1522,73.0,38.0
1523,1523,73.0,38.0
1524,1524,73.0,38.0
1525,1525,73.0,38.0
1526,1526,73.0,38.0
1527,1527,73.0,38.0
1528,1528,73.0,38.0
1529,1529,73.0,38.0
1530,1530,73.0,38.0
1531,1531,73.0,38.0
1532,1532,73.0,38.0
1533,1533,73.0,38.0
1534,1534,73.0,38.0
1535,1535,73.0,38.0
1536,1536,73.0,38.0
1537,1537,73.0,38.0
1538,1538,73.0,38.0
1539,1539,73.0,38.0
1540,1540,73.0,38.0
1541,1541,73.0,38.0
1542,1542,73.0,38.0
1543,1543,73.0,38.0
1544,1544,73.0,38.0
1545,1545,73.0,38.0
1546,1546,73.0,38.0
1547,1547,73.0,38.0
1548,1548,73.0,38.0
1549,1549,73.0,38.0
1550,1550,73.0,38.0
1551,1551,73.0,38.0
1552,1552,75.0,38.0
1553,1553,73.0,38.0
1554,1554,73.0,38.0
1555,1555,73.0,38.0
1556,1556,73.0,38.0
1557,1557,73.0,38.0
1558,1558,73.0,38.0
1559,1559,73.0,38.0
1560,1560,71.0,35.0
1561,1561,73.0,38.0
1562,1562,73.0,38.0
1563,1563,73.0,38.0
1564,1564,73.0,38.0
1565,1565,73.0,38.0
1566,1566,73.0,38.0
1567,1567,73.0,38.0
1568,1568,74.0,39.0
1569,1569,73.0,38.0
1570,1570,73.0,38.0
1571,1571,73.0,38.0
1572,1572,73.0,38.0
1573,1573,73.0,38.0
1574,1574,73.0,38.0
1575,1575,73.0,38.0
1576,1576,73.0,38.0
1577,1577,73.0,38.0
1578,1578,73.0,38.0
1579,1579,73.0,38.0
1580,1580,73.0,38.0
1581,1581,73.0,38.0
1582,1582,73.0,38.0
1583,1583,73.0,38.0
1584,1584,73.0,38.0
1585,1585,73.0,38.0
1586,1586,73.0,38.0
1587,1587,73.0,38.0
1588,1588,73.0,38.0
1589,1589,73.0,38.0
1590,1590,73.0,38.0
1591,1591,73.0,38.0
1592,1592,72.0,39.0
1593,1593,73.0,38.0
1594,1594,73.0,38.0
1595,1595,73.0,38.0
1596,1596,73.0,38.0
1597,1597,73.0,38.0
1598,1598,73.0,38.0
1599,1599,73.0,38.0
1600,1600,73.0,38.0
1601,1601,73.0,38.0
1602,1602,73.0,38.0
1603,1603,73.0,38.0
1604,1604,73.0,38.0
1605,1605,73.0,38.0
1606,1606,73.0,38.0
1607,1607,73.0,38.0
1608,1608,73.0,38.0
1609,1609,73.0,38.0
1610,1610,73.0,38.0
1611,1611,73.0,39.0
1612,1612,73.0,38.0
1613,1613,73.0,38.0
1614,1614,73.0,38.0
1615,1615,73.0,38.0
1616,1616,73.0,38.0
1617,1617,73.0,38.0
1618,1618,73.0,38.0
1619,1619,73.0,38.0
1620,1620,73.0,38.0
1621,1621,73.0,38.0
1622,1622,73.0,38.0
1623,1623,73.0,38.0
1624,1624,73.0,38.0
1625,1625,73.0,38.0
1626,1626,73.0,38.0
1627,1627,73.0,38.0
1628,1628,73.0,38.0
1629,1629,73.0,38.0
1630,1630,73.0,38.0
1631,1631,73.0,38.0
1632,1632,73.0,38.0
1633,1633,73.0,38.0
1634,1634,73.0,38.0
1635,1635,73.0,38.0
1636,1636,73.0,38.0
1637,1637,73.0,38.0
1638,1638,73.0,38.0
1639,1639,73.0,38.0
1640,1640,73.0,38.0
1641,1641,73.0,38.0
1642,1642,74.0,40.0
1643,1643,73.0,38.0
1644,1644,73.0,38.0
1645,1645,73.0,38.0
1646,1646,74.0,41.0
1647,1647,73.0,38.0
1648,1648,73.0,38.0
1649,1649,73.0,38.0
1650,1650,73.0,38.0
1651,1651,73.0,38.0
1652,1652,73.0,38.0
1653,1653,73.0,38.0
1654,1654,73.0,38.0
1655,1655,71.0,36.0
1656,1656,73.0,38.0
1657,1657,73.0,38.0
1658,1658,73.0,38.0
1659,1659,73.0,38.0
1660,1660,73.0,38.0
1661,1661,73.0,38.0
1662,1662,73.0,38.0
1663,1663,73.0,38.0
1664,1664,73.0,38.0
1665,1665,73.0,38.0
1666,1666,73.0,38.0
1667,1667,73.0,38.0
1668,1668,74.0,41.0
1669,1669,73.0,38.0
1670,1670,73.0,38.0
1671,1671,73.0,38.0
1672,1672,73.0,38.0
1673,1673,73.0,38.0
1674,1674,72.0,38.0
1675,1675,73.0,38.0
1676,1676,71.0,38.0
1677,1677,73.0,38.0
1678,1678,73.0,38.0
1679,1679,73.0,38.0
1680,1680,72.0,38.0
1681,1681,73.0,38.0
1682,1682,73.0,38.0
1683,1683,73.0,37.0
1684,1684,73.0,38.0
1685,1685,73.0,38.0
1686,1686,73.0,38.0
1687,1687,73.0,38.0
1688,1688,73.0,38.0
1689,1689,73.0,38.0
1690,1690,73.0,38.0
1691,1691,73.0,38.0
1692,1692,73.0,38.0
1693,1693,73.0,38.0
1694,1694,73.0,38.0
1695,1695,73.0,38.0
1696,1696,73.0,38.0
1697,1697,73.0,38.0
1698,1698,73.0,38.0
1699,1699,73.0,38.0
1700,1700,73.0,38.0
1701,1701,73.0,38.0
1702,1702,73.0,38.0
1703,1703,73.0,38.0
1704,1704,73.0,38.0
1705,1705,73.0,38.0
1706,1706,73.0,38.0
1707,1707,73.0,38.0
1708,1708,71.0,38.0
1709,1709,73.0,38.0
1710,1710,73.0,38.0
1711,1711,73.0,38.0
1712,1712,71.0,40.0
1713,1713,73.0,38.0
1714,1714,73.0,38.0
1715,1715,73.0,38.0
1716,1716,73.0,38.0
1717,1717,73.0,38.0
1718,1718,73.0,38.0
1719,1719,73.0,38.0
1720,1720,73.0,38.0
1721,1721,73.0,38.0
1722,1722,73.0,38.0
1723,1723,73.0,36.0
1724,1724,73.0,38.0
1725,1725,73.0,38.0
1726,1726,73.0,38.0
1727,1727,73.0,38.0
1728,1728,73.0,38.0
1729,1729,73.0,38.0
1730,1730,73.0,38.0
1731,1731,73.0,38.0
1732,1732,73.0,38.0
1733,1733,73.0,38.0
1734,1734,73.0,38.0
1735,1735,73.0,38.0
1736,1736,73.0,38.0
1737,1737,73.0,38.0
1738,1738,73.0,38.0
1739,1739,73.0,38.0
1740,1740,73.0,38.0
1741,1741,73.0,38.0
1742,1742,73.0,38.0
1743,1743,73.0,38.0
1744,1744,73.0,38.0
1745,1745,73.0,38.0
1746,1746,73.0,38.0
1747,1747,73.0,38.0
1748,1748,73.0,38.0
1749,1749,73.0,38.0
1750,1750,73.0,38.0
1751,1751,73.0,38.0
1752,1752,73.0,38.0
1753,1753,73.0,38.0
1754,1754,73.0,38.0
1755,1755,73.0,38.0
1756,1756,73.0,38.0
1757,1757,73.0,38.0
1758,1758,73.0,38.0
1759,1759,76.0,40.0
1760,1760,73.0,38.0
1761,1761,73.0,38.0
1762,1762,73.0,38.0
1763,1763,73.0,38.0
1764,1764,73.0,38.0
1765,1765,73.0,38.0
1766,1766,73.0,38.0
1767,1767,73.0,36.0
1768,1768,73.0,38.0
1769,1769,73.0,38.0
1770,1770,73.0,38.0
1771,1771,73.0,38.0
1772,1772,73.0,38.0
1773,1773,73.0,38.0
1774,1774,78.0,35.0
1775,1775,73.0,38.0
1776,1776,73.0,38.0
1777,1777,73.0,38.0
1778,1778,73.0,38.0
1779,1779,73.0,38.0
1780,1780,73.0,38.0
1781,1781,73.0,38.0
1782,1782,73.0,38.0
