,imageID,left_eyebrow_outer_end_x,left_eyebrow_outer_end_y
0,0,80.0,27.0
1,1,81.0,30.0
2,2,80.0,31.0
3,3,79.0,30.0
4,4,80.0,31.0
5,5,80.0,31.0
6,6,79.0,30.0
7,7,86.0,32.0
8,8,80.0,31.0
9,9,79.0,30.0
10,10,80.0,31.0
11,11,79.0,30.0
12,12,80.0,34.0
13,13,79.0,30.0
14,14,82.0,34.0
15,15,80.0,31.0
16,16,80.0,33.0
17,17,86.0,32.0
18,18,79.0,30.0
19,19,79.0,30.0
20,20,80.0,31.0
21,21,79.0,30.0
22,22,80.0,34.0
23,23,79.0,30.0
24,24,76.0,27.0
25,25,82.0,31.0
26,26,82.0,31.0
27,27,80.0,31.0
28,28,79.0,30.0
29,29,86.0,29.0
30,30,79.0,30.0
31,31,80.0,31.0
32,32,79.0,30.0
33,33,79.0,30.0
34,34,79.0,30.0
35,35,86.0,32.0
36,36,78.0,31.0
37,37,82.0,34.0
38,38,86.0,32.0
39,39,73.0,24.0
40,40,79.0,30.0
41,41,80.0,31.0
42,42,79.0,30.0
43,43,79.0,30.0
44,44,79.0,30.0
45,45,79.0,32.0
46,46,82.0,34.0
47,47,86.0,29.0
48,48,80.0,32.0
49,49,79.0,30.0
50,50,79.0,30.0
51,51,79.0,31.0
52,52,82.0,34.0
53,53,86.0,32.0
54,54,80.0,31.0
55,55,80.0,32.0
56,56,79.0,30.0
57,57,78.0,32.0
58,58,80.0,31.0
59,59,86.0,32.0
60,60,80.0,31.0
61,61,79.0,30.0
62,62,81.0,35.0
63,63,79.0,30.0
64,64,82.0,34.0
65,65,77.0,29.0
66,66,86.0,32.0
67,67,79.0,30.0
68,68,77.0,31.0
69,69,79.0,30.0
70,70,79.0,30.0
71,71,81.0,30.0
72,72,79.0,30.0
73,73,80.0,31.0
74,74,78.0,32.0
75,75,79.0,30.0
76,76,80.0,31.0
77,77,82.0,34.0
78,78,79.0,30.0
79,79,79.0,30.0
80,80,77.0,29.0
81,81,78.0,28.0
82,82,86.0,29.0
83,83,79.0,30.0
84,84,81.0,30.0
85,85,79.0,30.0
86,86,86.0,32.0
87,87,79.0,30.0
88,88,80.0,34.0
89,89,79.0,30.0
90,90,80.0,31.0
91,91,84.0,27.0
92,92,79.0,30.0
93,93,79.0,30.0
94,94,78.0,28.0
95,95,79.0,25.0
96,96,79.0,30.0
97,97,79.0,30.0
98,98,86.0,32.0
99,99,79.0,30.0
100,100,79.0,30.0
101,101,79.0,30.0
102,102,79.0,30.0
103,103,79.0,30.0
104,104,79.0,30.0
105,105,79.0,28.0
106,106,79.0,31.0
107,107,77.0,29.0
108,108,79.0,30.0
109,109,80.0,31.0
110,110,79.0,30.0
111,111,79.0,29.0
112,112,79.0,30.0
113,113,79.0,30.0
114,114,79.0,30.0
115,115,82.0,29.0
116,116,79.0,30.0
117,117,78.0,30.0
118,118,79.0,30.0
119,119,79.0,30.0
120,120,86.0,32.0
121,121,81.0,30.0
122,122,79.0,30.0
123,123,79.0,30.0
124,124,79.0,32.0
125,125,77.0,29.0
126,126,78.0,32.0
127,127,80.0,31.0
128,128,76.0,27.0
129,129,79.0,30.0
130,130,86.0,32.0
131,131,79.0,30.0
132,132,79.0,30.0
133,133,79.0,30.0
134,134,84.0,29.0
135,135,78.0,28.0
136,136,79.0,30.0
137,137,77.0,26.0
138,138,84.0,25.0
139,139,79.0,31.0
140,140,79.0,30.0
141,141,79.0,30.0
142,142,79.0,32.0
143,143,86.0,32.0
144,144,77.0,31.0
145,145,79.0,30.0
146,146,79.0,30.0
147,147,86.0,32.0
148,148,79.0,30.0
149,149,80.0,31.0
150,150,82.0,34.0
151,151,79.0,30.0
152,152,78.0,31.0
153,153,80.0,27.0
154,154,69.0,92.0
155,155,78.0,28.0
156,156,79.0,30.0
157,157,82.0,34.0
158,158,79.0,30.0
159,159,82.0,34.0
160,160,86.0,32.0
161,161,82.0,34.0
162,162,79.0,30.0
163,163,79.0,30.0
164,164,79.0,30.0
165,165,78.0,28.0
166,166,79.0,30.0
167,167,79.0,30.0
168,168,80.0,31.0
169,169,79.0,30.0
170,170,79.0,30.0
171,171,79.0,30.0
172,172,79.0,30.0
173,173,78.0,28.0
174,174,79.0,30.0
175,175,79.0,30.0
176,176,78.0,28.0
177,177,79.0,32.0
178,178,78.0,28.0
179,179,86.0,29.0
180,180,79.0,30.0
181,181,79.0,30.0
182,182,79.0,30.0
183,183,79.0,30.0
184,184,79.0,30.0
185,185,79.0,30.0
186,186,77.0,28.0
187,187,79.0,30.0
188,188,82.0,34.0
189,189,79.0,30.0
190,190,80.0,27.0
191,191,79.0,30.0
192,192,78.0,28.0
193,193,79.0,30.0
194,194,79.0,30.0
195,195,79.0,30.0
196,196,78.0,32.0
197,197,79.0,30.0
198,198,79.0,30.0
199,199,81.0,30.0
200,200,80.0,31.0
201,201,77.0,29.0
202,202,79.0,30.0
203,203,80.0,31.0
204,204,86.0,32.0
205,205,79.0,30.0
206,206,79.0,30.0
207,207,78.0,32.0
208,208,80.0,27.0
209,209,86.0,32.0
210,210,78.0,32.0
211,211,79.0,30.0
212,212,81.0,30.0
213,213,79.0,30.0
214,214,79.0,30.0
215,215,78.0,32.0
216,216,82.0,42.0
217,217,79.0,30.0
218,218,79.0,30.0
219,219,81.0,32.0
220,220,79.0,30.0
221,221,77.0,29.0
222,222,82.0,29.0
223,223,86.0,29.0
224,224,79.0,30.0
225,225,80.0,34.0
226,226,82.0,34.0
227,227,80.0,31.0
228,228,79.0,30.0
229,229,79.0,30.0
230,230,76.0,31.0
231,231,79.0,30.0
232,232,86.0,32.0
233,233,78.0,32.0
234,234,77.0,31.0
235,235,82.0,29.0
236,236,86.0,32.0
237,237,79.0,30.0
238,238,86.0,32.0
239,239,78.0,36.0
240,240,86.0,32.0
241,241,82.0,29.0
242,242,86.0,32.0
243,243,76.0,27.0
244,244,79.0,30.0
245,245,79.0,30.0
246,246,84.0,27.0
247,247,79.0,30.0
248,248,79.0,30.0
249,249,77.0,31.0
250,250,79.0,30.0
251,251,80.0,31.0
252,252,79.0,32.0
253,253,79.0,30.0
254,254,79.0,30.0
255,255,77.0,28.0
256,256,79.0,30.0
257,257,77.0,28.0
258,258,79.0,30.0
259,259,77.0,28.0
260,260,79.0,30.0
261,261,79.0,25.0
262,262,79.0,30.0
263,263,79.0,30.0
264,264,86.0,32.0
265,265,86.0,32.0
266,266,79.0,30.0
267,267,79.0,31.0
268,268,79.0,30.0
269,269,80.0,31.0
270,270,79.0,30.0
271,271,79.0,30.0
272,272,79.0,30.0
273,273,86.0,32.0
274,274,80.0,33.0
275,275,78.0,32.0
276,276,80.0,33.0
277,277,80.0,27.0
278,278,84.0,29.0
279,279,79.0,30.0
280,280,79.0,30.0
281,281,79.0,30.0
282,282,79.0,30.0
283,283,77.0,30.0
284,284,86.0,32.0
285,285,81.0,31.0
286,286,79.0,29.0
287,287,79.0,30.0
288,288,79.0,30.0
289,289,79.0,30.0
290,290,79.0,30.0
291,291,86.0,32.0
292,292,78.0,32.0
293,293,79.0,30.0
294,294,79.0,30.0
295,295,78.0,28.0
296,296,82.0,29.0
297,297,84.0,29.0
298,298,82.0,32.0
299,299,79.0,30.0
300,300,78.0,24.0
301,301,79.0,30.0
302,302,79.0,30.0
303,303,80.0,31.0
304,304,79.0,30.0
305,305,79.0,30.0
306,306,79.0,30.0
307,307,79.0,30.0
308,308,80.0,34.0
309,309,79.0,30.0
310,310,86.0,29.0
311,311,79.0,30.0
312,312,82.0,36.0
313,313,86.0,32.0
314,314,81.0,32.0
315,315,82.0,34.0
316,316,79.0,30.0
317,317,79.0,30.0
318,318,79.0,30.0
319,319,79.0,30.0
320,320,80.0,31.0
321,321,79.0,30.0
322,322,78.0,27.0
323,323,79.0,30.0
324,324,80.0,28.0
325,325,80.0,31.0
326,326,79.0,30.0
327,327,82.0,34.0
328,328,79.0,30.0
329,329,79.0,30.0
330,330,79.0,30.0
331,331,82.0,29.0
332,332,79.0,30.0
333,333,79.0,30.0
334,334,79.0,30.0
335,335,79.0,30.0
336,336,81.0,31.0
337,337,79.0,30.0
338,338,79.0,30.0
339,339,79.0,30.0
340,340,79.0,30.0
341,341,77.0,29.0
342,342,82.0,36.0
343,343,79.0,30.0
344,344,77.0,29.0
345,345,79.0,30.0
346,346,79.0,30.0
347,347,79.0,30.0
348,348,86.0,29.0
349,349,82.0,29.0
350,350,76.0,27.0
351,351,80.0,33.0
352,352,78.0,28.0
353,353,79.0,30.0
354,354,79.0,30.0
355,355,79.0,30.0
356,356,78.0,24.0
357,357,79.0,30.0
358,358,77.0,29.0
359,359,79.0,30.0
360,360,79.0,30.0
361,361,79.0,30.0
362,362,79.0,30.0
363,363,74.0,31.0
364,364,86.0,32.0
365,365,81.0,32.0
366,366,79.0,30.0
367,367,79.0,30.0
368,368,81.0,32.0
369,369,77.0,29.0
370,370,79.0,30.0
371,371,80.0,31.0
372,372,80.0,34.0
373,373,79.0,30.0
374,374,79.0,30.0
375,375,79.0,30.0
376,376,79.0,30.0
377,377,81.0,30.0
378,378,77.0,29.0
379,379,79.0,30.0
380,380,79.0,30.0
381,381,79.0,30.0
382,382,79.0,30.0
383,383,79.0,30.0
384,384,79.0,30.0
385,385,79.0,30.0
386,386,79.0,30.0
387,387,79.0,30.0
388,388,80.0,31.0
389,389,79.0,30.0
390,390,80.0,33.0
391,391,80.0,28.0
392,392,79.0,30.0
393,393,79.0,30.0
394,394,78.0,28.0
395,395,79.0,30.0
396,396,79.0,30.0
397,397,79.0,30.0
398,398,79.0,30.0
399,399,79.0,30.0
400,400,79.0,30.0
401,401,79.0,30.0
402,402,79.0,30.0
403,403,79.0,30.0
404,404,79.0,30.0
405,405,79.0,30.0
406,406,79.0,30.0
407,407,79.0,30.0
408,408,79.0,30.0
409,409,79.0,30.0
410,410,79.0,30.0
411,411,76.0,36.0
412,412,79.0,30.0
413,413,79.0,30.0
414,414,86.0,32.0
415,415,79.0,30.0
416,416,79.0,30.0
417,417,80.0,34.0
418,418,86.0,32.0
419,419,79.0,30.0
420,420,79.0,30.0
421,421,79.0,30.0
422,422,79.0,30.0
423,423,79.0,30.0
424,424,79.0,30.0
425,425,79.0,30.0
426,426,79.0,30.0
427,427,79.0,30.0
428,428,79.0,30.0
429,429,79.0,30.0
430,430,79.0,30.0
431,431,79.0,30.0
432,432,79.0,30.0
433,433,86.0,32.0
434,434,79.0,30.0
435,435,79.0,30.0
436,436,79.0,30.0
437,437,79.0,30.0
438,438,82.0,26.0
439,439,79.0,30.0
440,440,79.0,30.0
441,441,79.0,30.0
442,442,79.0,30.0
443,443,79.0,30.0
444,444,79.0,30.0
445,445,79.0,30.0
446,446,79.0,30.0
447,447,79.0,30.0
448,448,79.0,30.0
449,449,79.0,30.0
450,450,79.0,30.0
451,451,79.0,30.0
452,452,79.0,30.0
453,453,79.0,30.0
454,454,79.0,30.0
455,455,79.0,30.0
456,456,79.0,30.0
457,457,79.0,30.0
458,458,79.0,30.0
459,459,79.0,30.0
460,460,79.0,30.0
461,461,79.0,30.0
462,462,79.0,30.0
463,463,79.0,30.0
464,464,79.0,30.0
465,465,79.0,30.0
466,466,79.0,30.0
467,467,79.0,30.0
468,468,79.0,30.0
469,469,79.0,30.0
470,470,86.0,32.0
471,471,79.0,30.0
472,472,86.0,32.0
473,473,79.0,30.0
474,474,79.0,30.0
475,475,79.0,30.0
476,476,79.0,30.0
477,477,79.0,30.0
478,478,79.0,30.0
479,479,86.0,32.0
480,480,79.0,30.0
481,481,79.0,30.0
482,482,79.0,30.0
483,483,79.0,30.0
484,484,86.0,32.0
485,485,79.0,30.0
486,486,79.0,30.0
487,487,79.0,30.0
488,488,86.0,32.0
489,489,79.0,30.0
490,490,81.0,30.0
491,491,79.0,30.0
492,492,79.0,30.0
493,493,79.0,30.0
494,494,78.0,36.0
495,495,79.0,30.0
496,496,79.0,30.0
497,497,80.0,31.0
498,498,79.0,30.0
499,499,80.0,34.0
500,500,79.0,30.0
501,501,79.0,30.0
502,502,79.0,30.0
503,503,79.0,30.0
504,504,79.0,30.0
505,505,86.0,32.0
506,506,79.0,30.0
507,507,79.0,30.0
508,508,79.0,30.0
509,509,79.0,30.0
510,510,79.0,30.0
511,511,79.0,30.0
512,512,79.0,30.0
513,513,79.0,30.0
514,514,79.0,30.0
515,515,79.0,30.0
516,516,79.0,30.0
517,517,86.0,32.0
518,518,79.0,30.0
519,519,79.0,30.0
520,520,79.0,30.0
521,521,81.0,30.0
522,522,79.0,30.0
523,523,79.0,30.0
524,524,79.0,30.0
525,525,79.0,30.0
526,526,79.0,30.0
527,527,79.0,30.0
528,528,79.0,30.0
529,529,86.0,32.0
530,530,81.0,27.0
531,531,79.0,30.0
532,532,79.0,30.0
533,533,86.0,32.0
534,534,79.0,30.0
535,535,80.0,25.0
536,536,79.0,30.0
537,537,79.0,30.0
538,538,80.0,27.0
539,539,79.0,30.0
540,540,79.0,30.0
541,541,79.0,30.0
542,542,79.0,30.0
543,543,79.0,30.0
544,544,79.0,30.0
545,545,79.0,30.0
546,546,79.0,30.0
547,547,79.0,30.0
548,548,79.0,30.0
549,549,79.0,30.0
550,550,84.0,29.0
551,551,86.0,32.0
552,552,79.0,30.0
553,553,86.0,32.0
554,554,79.0,30.0
555,555,79.0,30.0
556,556,79.0,30.0
557,557,79.0,30.0
558,558,79.0,30.0
559,559,79.0,30.0
560,560,79.0,30.0
561,561,79.0,30.0
562,562,79.0,30.0
563,563,79.0,30.0
564,564,86.0,32.0
565,565,79.0,30.0
566,566,79.0,30.0
567,567,79.0,30.0
568,568,79.0,30.0
569,569,79.0,30.0
570,570,79.0,30.0
571,571,79.0,30.0
572,572,79.0,30.0
573,573,79.0,30.0
574,574,79.0,30.0
575,575,80.0,34.0
576,576,79.0,30.0
577,577,79.0,30.0
578,578,79.0,30.0
579,579,80.0,31.0
580,580,79.0,30.0
581,581,80.0,27.0
582,582,79.0,30.0
583,583,79.0,30.0
584,584,79.0,30.0
585,585,79.0,30.0
586,586,79.0,30.0
587,587,77.0,29.0
588,588,79.0,30.0
589,589,79.0,30.0
590,590,79.0,30.0
591,591,79.0,30.0
592,592,79.0,30.0
593,593,86.0,29.0
594,594,79.0,30.0
595,595,79.0,30.0
596,596,79.0,30.0
597,597,79.0,30.0
598,598,79.0,30.0
599,599,79.0,30.0
600,600,79.0,30.0
601,601,79.0,30.0
602,602,79.0,30.0
603,603,79.0,30.0
604,604,79.0,30.0
605,605,79.0,30.0
606,606,79.0,30.0
607,607,79.0,30.0
608,608,79.0,30.0
609,609,79.0,30.0
610,610,79.0,30.0
611,611,79.0,30.0
612,612,79.0,30.0
613,613,79.0,30.0
614,614,79.0,30.0
615,615,79.0,30.0
616,616,79.0,30.0
617,617,79.0,30.0
618,618,79.0,30.0
619,619,79.0,30.0
620,620,79.0,30.0
621,621,79.0,30.0
622,622,79.0,30.0
623,623,80.0,34.0
624,624,80.0,31.0
625,625,79.0,30.0
626,626,79.0,30.0
627,627,79.0,30.0
628,628,79.0,30.0
629,629,79.0,30.0
630,630,79.0,30.0
631,631,79.0,30.0
632,632,79.0,30.0
633,633,79.0,30.0
634,634,79.0,30.0
635,635,79.0,30.0
636,636,79.0,30.0
637,637,79.0,30.0
638,638,79.0,30.0
639,639,79.0,30.0
640,640,79.0,30.0
641,641,79.0,30.0
642,642,79.0,30.0
643,643,79.0,30.0
644,644,79.0,30.0
645,645,79.0,30.0
646,646,79.0,30.0
647,647,79.0,30.0
648,648,79.0,30.0
649,649,79.0,30.0
650,650,79.0,30.0
651,651,79.0,30.0
652,652,79.0,30.0
653,653,79.0,30.0
654,654,79.0,30.0
655,655,79.0,30.0
656,656,79.0,30.0
657,657,79.0,30.0
658,658,79.0,30.0
659,659,79.0,30.0
660,660,79.0,30.0
661,661,79.0,30.0
662,662,79.0,30.0
663,663,79.0,30.0
664,664,79.0,30.0
665,665,79.0,30.0
666,666,86.0,32.0
667,667,79.0,30.0
668,668,79.0,30.0
669,669,79.0,30.0
670,670,79.0,30.0
671,671,79.0,30.0
672,672,79.0,30.0
673,673,79.0,30.0
674,674,79.0,30.0
675,675,79.0,30.0
676,676,79.0,30.0
677,677,79.0,30.0
678,678,79.0,30.0
679,679,79.0,30.0
680,680,79.0,30.0
681,681,79.0,30.0
682,682,79.0,30.0
683,683,86.0,32.0
684,684,79.0,30.0
685,685,79.0,30.0
686,686,79.0,30.0
687,687,79.0,30.0
688,688,79.0,30.0
689,689,79.0,30.0
690,690,79.0,30.0
691,691,79.0,30.0
692,692,79.0,30.0
693,693,79.0,30.0
694,694,79.0,30.0
695,695,79.0,30.0
696,696,79.0,30.0
697,697,79.0,30.0
698,698,79.0,30.0
699,699,79.0,30.0
700,700,79.0,30.0
701,701,79.0,30.0
702,702,79.0,30.0
703,703,79.0,30.0
704,704,79.0,30.0
705,705,79.0,30.0
706,706,79.0,30.0
707,707,79.0,30.0
708,708,79.0,30.0
709,709,79.0,30.0
710,710,79.0,30.0
711,711,79.0,30.0
712,712,79.0,30.0
713,713,86.0,32.0
714,714,79.0,30.0
715,715,79.0,30.0
716,716,79.0,30.0
717,717,79.0,30.0
718,718,79.0,30.0
719,719,77.0,29.0
720,720,79.0,30.0
721,721,79.0,30.0
722,722,79.0,30.0
723,723,79.0,30.0
724,724,79.0,30.0
725,725,79.0,30.0
726,726,79.0,30.0
727,727,86.0,32.0
728,728,79.0,30.0
729,729,79.0,30.0
730,730,79.0,30.0
731,731,79.0,30.0
732,732,79.0,30.0
733,733,79.0,30.0
734,734,79.0,30.0
735,735,79.0,30.0
736,736,79.0,30.0
737,737,86.0,32.0
738,738,79.0,30.0
739,739,79.0,30.0
740,740,79.0,30.0
741,741,79.0,30.0
742,742,79.0,30.0
743,743,79.0,30.0
744,744,82.0,29.0
745,745,79.0,30.0
746,746,79.0,30.0
747,747,79.0,30.0
748,748,79.0,30.0
749,749,79.0,30.0
750,750,79.0,30.0
751,751,79.0,30.0
752,752,79.0,30.0
753,753,79.0,30.0
754,754,79.0,30.0
755,755,79.0,30.0
756,756,79.0,30.0
757,757,79.0,30.0
758,758,76.0,27.0
759,759,79.0,30.0
760,760,86.0,32.0
761,761,79.0,30.0
762,762,79.0,30.0
763,763,79.0,30.0
764,764,79.0,30.0
765,765,79.0,30.0
766,766,79.0,30.0
767,767,79.0,30.0
768,768,79.0,30.0
769,769,79.0,30.0
770,770,79.0,30.0
771,771,79.0,30.0
772,772,79.0,30.0
773,773,79.0,30.0
774,774,79.0,30.0
775,775,79.0,30.0
776,776,79.0,30.0
777,777,79.0,30.0
778,778,79.0,30.0
779,779,79.0,30.0
780,780,79.0,30.0
781,781,78.0,32.0
782,782,79.0,30.0
783,783,79.0,30.0
784,784,79.0,30.0
785,785,79.0,30.0
786,786,79.0,30.0
787,787,79.0,30.0
788,788,86.0,32.0
789,789,86.0,32.0
790,790,79.0,30.0
791,791,79.0,30.0
792,792,79.0,30.0
793,793,79.0,30.0
794,794,79.0,30.0
795,795,79.0,30.0
796,796,79.0,30.0
797,797,79.0,30.0
798,798,79.0,30.0
799,799,79.0,30.0
800,800,79.0,30.0
801,801,79.0,30.0
802,802,79.0,30.0
803,803,79.0,30.0
804,804,79.0,30.0
805,805,79.0,30.0
806,806,77.0,24.0
807,807,79.0,30.0
808,808,71.0,22.0
809,809,79.0,30.0
810,810,2.0,95.0
811,811,79.0,30.0
812,812,79.0,30.0
813,813,79.0,30.0
814,814,79.0,30.0
815,815,79.0,30.0
816,816,79.0,30.0
817,817,79.0,30.0
818,818,79.0,30.0
819,819,79.0,30.0
820,820,79.0,30.0
821,821,79.0,30.0
822,822,79.0,30.0
823,823,79.0,30.0
824,824,79.0,30.0
825,825,79.0,30.0
826,826,79.0,30.0
827,827,79.0,30.0
828,828,79.0,30.0
829,829,79.0,30.0
830,830,79.0,30.0
831,831,79.0,30.0
832,832,79.0,30.0
833,833,79.0,30.0
834,834,79.0,30.0
835,835,79.0,30.0
836,836,79.0,30.0
837,837,79.0,30.0
838,838,79.0,30.0
839,839,79.0,30.0
840,840,79.0,30.0
841,841,79.0,30.0
842,842,79.0,30.0
843,843,86.0,32.0
844,844,79.0,30.0
845,845,79.0,30.0
846,846,79.0,30.0
847,847,79.0,30.0
848,848,79.0,30.0
849,849,79.0,30.0
850,850,79.0,30.0
851,851,79.0,30.0
852,852,79.0,30.0
853,853,79.0,30.0
854,854,79.0,30.0
855,855,79.0,30.0
856,856,79.0,30.0
857,857,79.0,30.0
858,858,79.0,30.0
859,859,79.0,30.0
860,860,79.0,30.0
861,861,79.0,30.0
862,862,79.0,30.0
863,863,79.0,30.0
864,864,79.0,30.0
865,865,79.0,30.0
866,866,79.0,30.0
867,867,79.0,30.0
868,868,79.0,30.0
869,869,79.0,30.0
870,870,79.0,30.0
871,871,79.0,30.0
872,872,79.0,30.0
873,873,79.0,30.0
874,874,79.0,30.0
875,875,79.0,30.0
876,876,79.0,30.0
877,877,79.0,30.0
878,878,79.0,30.0
879,879,79.0,30.0
880,880,79.0,30.0
881,881,79.0,30.0
882,882,79.0,30.0
883,883,79.0,30.0
884,884,79.0,30.0
885,885,79.0,30.0
886,886,80.0,31.0
887,887,79.0,30.0
888,888,79.0,30.0
889,889,79.0,30.0
890,890,79.0,30.0
891,891,79.0,30.0
892,892,79.0,30.0
893,893,79.0,30.0
894,894,79.0,30.0
895,895,79.0,30.0
896,896,79.0,30.0
897,897,79.0,30.0
898,898,79.0,30.0
899,899,79.0,30.0
900,900,79.0,30.0
901,901,79.0,30.0
902,902,79.0,30.0
903,903,79.0,30.0
904,904,79.0,30.0
905,905,79.0,30.0
906,906,79.0,30.0
907,907,79.0,30.0
908,908,79.0,30.0
909,909,79.0,30.0
910,910,86.0,32.0
911,911,79.0,30.0
912,912,79.0,30.0
913,913,79.0,30.0
914,914,79.0,30.0
915,915,76.0,36.0
916,916,79.0,30.0
917,917,79.0,30.0
918,918,82.0,28.0
919,919,79.0,30.0
920,920,79.0,30.0
921,921,79.0,30.0
922,922,79.0,30.0
923,923,79.0,30.0
924,924,79.0,30.0
925,925,79.0,30.0
926,926,79.0,30.0
927,927,79.0,30.0
928,928,79.0,30.0
929,929,81.0,32.0
930,930,79.0,30.0
931,931,79.0,30.0
932,932,79.0,30.0
933,933,79.0,30.0
934,934,86.0,32.0
935,935,79.0,30.0
936,936,79.0,30.0
937,937,79.0,30.0
938,938,79.0,30.0
939,939,82.0,28.0
940,940,79.0,30.0
941,941,79.0,30.0
942,942,79.0,30.0
943,943,79.0,30.0
944,944,79.0,30.0
945,945,86.0,32.0
946,946,79.0,30.0
947,947,79.0,30.0
948,948,79.0,30.0
949,949,79.0,30.0
950,950,79.0,30.0
951,951,79.0,30.0
952,952,79.0,30.0
953,953,79.0,30.0
954,954,79.0,30.0
955,955,79.0,30.0
956,956,78.0,29.0
957,957,79.0,30.0
958,958,79.0,30.0
959,959,79.0,30.0
960,960,79.0,30.0
961,961,79.0,30.0
962,962,78.0,32.0
963,963,79.0,30.0
964,964,79.0,30.0
965,965,79.0,30.0
966,966,79.0,30.0
967,967,79.0,30.0
968,968,79.0,30.0
969,969,79.0,30.0
970,970,79.0,30.0
971,971,79.0,30.0
972,972,79.0,30.0
973,973,79.0,30.0
974,974,79.0,30.0
975,975,79.0,30.0
976,976,79.0,30.0
977,977,79.0,30.0
978,978,79.0,30.0
979,979,79.0,30.0
980,980,79.0,30.0
981,981,79.0,30.0
982,982,79.0,30.0
983,983,79.0,30.0
984,984,79.0,30.0
985,985,86.0,32.0
986,986,79.0,30.0
987,987,79.0,30.0
988,988,79.0,30.0
989,989,79.0,30.0
990,990,80.0,31.0
991,991,80.0,34.0
992,992,79.0,30.0
993,993,79.0,30.0
994,994,79.0,30.0
995,995,79.0,30.0
996,996,79.0,30.0
997,997,79.0,30.0
998,998,79.0,30.0
999,999,79.0,30.0
1000,1000,79.0,30.0
1001,1001,79.0,30.0
1002,1002,79.0,30.0
1003,1003,79.0,30.0
1004,1004,79.0,30.0
1005,1005,79.0,30.0
1006,1006,79.0,30.0
1007,1007,86.0,24.0
1008,1008,79.0,30.0
1009,1009,79.0,30.0
1010,1010,78.0,28.0
1011,1011,79.0,30.0
1012,1012,79.0,30.0
1013,1013,79.0,30.0
1014,1014,79.0,30.0
1015,1015,79.0,30.0
1016,1016,79.0,30.0
1017,1017,79.0,30.0
1018,1018,79.0,30.0
1019,1019,79.0,30.0
1020,1020,79.0,30.0
1021,1021,79.0,30.0
1022,1022,79.0,30.0
1023,1023,79.0,30.0
1024,1024,79.0,30.0
1025,1025,79.0,30.0
1026,1026,79.0,30.0
1027,1027,79.0,30.0
1028,1028,79.0,30.0
1029,1029,79.0,30.0
1030,1030,79.0,30.0
1031,1031,79.0,30.0
1032,1032,79.0,30.0
1033,1033,79.0,30.0
1034,1034,79.0,30.0
1035,1035,81.0,30.0
1036,1036,79.0,30.0
1037,1037,79.0,30.0
1038,1038,79.0,30.0
1039,1039,73.0,24.0
1040,1040,79.0,30.0
1041,1041,79.0,30.0
1042,1042,79.0,30.0
1043,1043,79.0,30.0
1044,1044,79.0,30.0
1045,1045,79.0,30.0
1046,1046,79.0,30.0
1047,1047,79.0,30.0
1048,1048,77.0,29.0
1049,1049,79.0,30.0
1050,1050,79.0,30.0
1051,1051,79.0,30.0
1052,1052,79.0,30.0
1053,1053,79.0,30.0
1054,1054,79.0,30.0
1055,1055,79.0,30.0
1056,1056,79.0,30.0
1057,1057,79.0,30.0
1058,1058,79.0,30.0
1059,1059,79.0,30.0
1060,1060,79.0,30.0
1061,1061,84.0,35.0
1062,1062,79.0,30.0
1063,1063,79.0,30.0
1064,1064,79.0,30.0
1065,1065,79.0,30.0
1066,1066,79.0,30.0
1067,1067,79.0,30.0
1068,1068,79.0,30.0
1069,1069,79.0,30.0
1070,1070,79.0,30.0
1071,1071,79.0,30.0
1072,1072,79.0,30.0
1073,1073,79.0,30.0
1074,1074,79.0,30.0
1075,1075,79.0,30.0
1076,1076,79.0,30.0
1077,1077,81.0,26.0
1078,1078,79.0,30.0
1079,1079,79.0,30.0
1080,1080,79.0,30.0
1081,1081,79.0,30.0
1082,1082,79.0,30.0
1083,1083,79.0,30.0
1084,1084,79.0,30.0
1085,1085,79.0,30.0
1086,1086,79.0,30.0
1087,1087,79.0,30.0
1088,1088,79.0,30.0
1089,1089,79.0,30.0
1090,1090,79.0,30.0
1091,1091,79.0,30.0
1092,1092,79.0,30.0
1093,1093,79.0,30.0
1094,1094,79.0,30.0
1095,1095,79.0,30.0
1096,1096,79.0,30.0
1097,1097,79.0,30.0
1098,1098,79.0,30.0
1099,1099,79.0,30.0
1100,1100,79.0,30.0
1101,1101,79.0,30.0
1102,1102,79.0,30.0
1103,1103,79.0,30.0
1104,1104,79.0,30.0
1105,1105,79.0,30.0
1106,1106,79.0,30.0
1107,1107,79.0,30.0
1108,1108,79.0,30.0
1109,1109,79.0,30.0
1110,1110,80.0,34.0
1111,1111,79.0,30.0
1112,1112,79.0,30.0
1113,1113,79.0,30.0
1114,1114,79.0,30.0
1115,1115,79.0,30.0
1116,1116,80.0,31.0
1117,1117,79.0,30.0
1118,1118,79.0,30.0
1119,1119,79.0,30.0
1120,1120,79.0,30.0
1121,1121,79.0,30.0
1122,1122,79.0,30.0
1123,1123,79.0,30.0
1124,1124,79.0,30.0
1125,1125,79.0,30.0
1126,1126,79.0,30.0
1127,1127,79.0,30.0
1128,1128,79.0,30.0
1129,1129,79.0,30.0
1130,1130,79.0,30.0
1131,1131,79.0,30.0
1132,1132,79.0,30.0
1133,1133,79.0,30.0
1134,1134,79.0,30.0
1135,1135,79.0,30.0
1136,1136,79.0,30.0
1137,1137,79.0,30.0
1138,1138,79.0,30.0
1139,1139,79.0,30.0
1140,1140,79.0,30.0
1141,1141,86.0,32.0
1142,1142,89.0,56.0
1143,1143,79.0,30.0
1144,1144,79.0,30.0
1145,1145,79.0,30.0
1146,1146,86.0,32.0
1147,1147,79.0,30.0
1148,1148,79.0,30.0
1149,1149,79.0,30.0
1150,1150,79.0,30.0
1151,1151,79.0,30.0
1152,1152,79.0,30.0
1153,1153,79.0,30.0
1154,1154,79.0,30.0
1155,1155,79.0,30.0
1156,1156,79.0,30.0
1157,1157,79.0,30.0
1158,1158,79.0,30.0
1159,1159,79.0,30.0
1160,1160,79.0,30.0
1161,1161,79.0,30.0
1162,1162,79.0,30.0
1163,1163,79.0,30.0
1164,1164,79.0,30.0
1165,1165,80.0,31.0
1166,1166,79.0,30.0
1167,1167,79.0,30.0
1168,1168,79.0,30.0
1169,1169,79.0,30.0
1170,1170,84.0,28.0
1171,1171,79.0,30.0
1172,1172,79.0,30.0
1173,1173,79.0,30.0
1174,1174,79.0,30.0
1175,1175,79.0,30.0
1176,1176,79.0,30.0
1177,1177,86.0,32.0
1178,1178,76.0,28.0
1179,1179,79.0,30.0
1180,1180,79.0,30.0
1181,1181,79.0,30.0
1182,1182,79.0,30.0
1183,1183,86.0,32.0
1184,1184,79.0,30.0
1185,1185,86.0,32.0
1186,1186,79.0,30.0
1187,1187,79.0,30.0
1188,1188,79.0,30.0
1189,1189,79.0,30.0
1190,1190,79.0,30.0
1191,1191,79.0,30.0
1192,1192,79.0,30.0
1193,1193,79.0,30.0
1194,1194,79.0,30.0
1195,1195,79.0,30.0
1196,1196,80.0,33.0
1197,1197,79.0,30.0
1198,1198,79.0,30.0
1199,1199,79.0,30.0
1200,1200,79.0,30.0
1201,1201,79.0,30.0
1202,1202,86.0,32.0
1203,1203,79.0,30.0
1204,1204,79.0,30.0
1205,1205,79.0,30.0
1206,1206,79.0,30.0
1207,1207,79.0,30.0
1208,1208,79.0,30.0
1209,1209,79.0,30.0
1210,1210,79.0,30.0
1211,1211,79.0,30.0
1212,1212,79.0,30.0
1213,1213,79.0,30.0
1214,1214,79.0,30.0
1215,1215,79.0,30.0
1216,1216,79.0,30.0
1217,1217,79.0,30.0
1218,1218,79.0,30.0
1219,1219,79.0,30.0
1220,1220,79.0,30.0
1221,1221,79.0,30.0
1222,1222,79.0,30.0
1223,1223,79.0,30.0
1224,1224,79.0,30.0
1225,1225,79.0,30.0
1226,1226,79.0,30.0
1227,1227,79.0,30.0
1228,1228,79.0,30.0
1229,1229,79.0,30.0
1230,1230,79.0,30.0
1231,1231,79.0,30.0
1232,1232,79.0,30.0
1233,1233,79.0,30.0
1234,1234,79.0,29.0
1235,1235,79.0,30.0
1236,1236,79.0,30.0
1237,1237,79.0,30.0
1238,1238,80.0,31.0
1239,1239,79.0,30.0
1240,1240,79.0,30.0
1241,1241,79.0,30.0
1242,1242,79.0,30.0
1243,1243,79.0,30.0
1244,1244,79.0,30.0
1245,1245,79.0,30.0
1246,1246,79.0,30.0
1247,1247,79.0,30.0
1248,1248,79.0,30.0
1249,1249,79.0,30.0
1250,1250,79.0,30.0
1251,1251,79.0,30.0
1252,1252,79.0,30.0
1253,1253,79.0,30.0
1254,1254,79.0,30.0
1255,1255,79.0,30.0
1256,1256,79.0,30.0
1257,1257,79.0,30.0
1258,1258,79.0,30.0
1259,1259,79.0,30.0
1260,1260,79.0,30.0
1261,1261,79.0,30.0
1262,1262,79.0,30.0
1263,1263,79.0,30.0
1264,1264,79.0,30.0
1265,1265,79.0,30.0
1266,1266,79.0,30.0
1267,1267,79.0,30.0
1268,1268,79.0,30.0
1269,1269,79.0,30.0
1270,1270,79.0,30.0
1271,1271,79.0,30.0
1272,1272,79.0,30.0
1273,1273,79.0,30.0
1274,1274,79.0,30.0
1275,1275,79.0,30.0
1276,1276,79.0,30.0
1277,1277,79.0,30.0
1278,1278,79.0,30.0
1279,1279,79.0,30.0
1280,1280,79.0,30.0
1281,1281,79.0,30.0
1282,1282,79.0,30.0
1283,1283,79.0,30.0
1284,1284,79.0,30.0
1285,1285,79.0,30.0
1286,1286,79.0,30.0
1287,1287,79.0,30.0
1288,1288,79.0,30.0
1289,1289,79.0,30.0
1290,1290,79.0,30.0
1291,1291,79.0,30.0
1292,1292,79.0,30.0
1293,1293,79.0,30.0
1294,1294,79.0,30.0
1295,1295,79.0,30.0
1296,1296,79.0,30.0
1297,1297,79.0,30.0
1298,1298,79.0,30.0
1299,1299,79.0,30.0
1300,1300,86.0,32.0
1301,1301,79.0,30.0
1302,1302,79.0,30.0
1303,1303,80.0,28.0
1304,1304,79.0,30.0
1305,1305,79.0,30.0
1306,1306,79.0,30.0
1307,1307,79.0,30.0
1308,1308,79.0,30.0
1309,1309,79.0,30.0
1310,1310,79.0,30.0
1311,1311,79.0,30.0
1312,1312,79.0,30.0
1313,1313,79.0,30.0
1314,1314,79.0,30.0
1315,1315,80.0,31.0
1316,1316,79.0,30.0
1317,1317,79.0,30.0
1318,1318,79.0,30.0
1319,1319,79.0,30.0
1320,1320,86.0,32.0
1321,1321,79.0,30.0
1322,1322,79.0,30.0
1323,1323,79.0,30.0
1324,1324,79.0,30.0
1325,1325,79.0,30.0
1326,1326,79.0,30.0
1327,1327,79.0,30.0
1328,1328,79.0,30.0
1329,1329,79.0,30.0
1330,1330,79.0,30.0
1331,1331,79.0,30.0
1332,1332,79.0,30.0
1333,1333,79.0,30.0
1334,1334,79.0,30.0
1335,1335,86.0,32.0
1336,1336,86.0,32.0
1337,1337,81.0,30.0
1338,1338,79.0,30.0
1339,1339,80.0,34.0
1340,1340,79.0,30.0
1341,1341,79.0,30.0
1342,1342,79.0,30.0
1343,1343,79.0,30.0
1344,1344,80.0,30.0
1345,1345,79.0,30.0
1346,1346,79.0,30.0
1347,1347,79.0,30.0
1348,1348,79.0,30.0
1349,1349,79.0,30.0
1350,1350,79.0,30.0
1351,1351,79.0,30.0
1352,1352,79.0,30.0
1353,1353,79.0,30.0
1354,1354,79.0,30.0
1355,1355,79.0,30.0
1356,1356,79.0,30.0
1357,1357,79.0,30.0
1358,1358,81.0,30.0
1359,1359,79.0,30.0
1360,1360,79.0,30.0
1361,1361,79.0,30.0
1362,1362,79.0,30.0
1363,1363,79.0,30.0
1364,1364,79.0,30.0
1365,1365,79.0,30.0
1366,1366,79.0,30.0
1367,1367,79.0,30.0
1368,1368,79.0,30.0
1369,1369,79.0,30.0
1370,1370,79.0,30.0
1371,1371,79.0,30.0
1372,1372,79.0,30.0
1373,1373,79.0,30.0
1374,1374,79.0,30.0
1375,1375,79.0,30.0
1376,1376,79.0,30.0
1377,1377,86.0,29.0
1378,1378,79.0,30.0
1379,1379,79.0,30.0
1380,1380,79.0,30.0
1381,1381,79.0,30.0
1382,1382,79.0,30.0
1383,1383,79.0,30.0
1384,1384,79.0,30.0
1385,1385,79.0,30.0
1386,1386,79.0,30.0
1387,1387,80.0,31.0
1388,1388,79.0,30.0
1389,1389,79.0,30.0
1390,1390,79.0,30.0
1391,1391,79.0,30.0
1392,1392,79.0,30.0
1393,1393,79.0,30.0
1394,1394,79.0,30.0
1395,1395,79.0,30.0
1396,1396,79.0,30.0
1397,1397,79.0,30.0
1398,1398,79.0,30.0
1399,1399,79.0,30.0
1400,1400,82.0,26.0
1401,1401,79.0,30.0
1402,1402,79.0,30.0
1403,1403,79.0,30.0
1404,1404,79.0,30.0
1405,1405,79.0,30.0
1406,1406,82.0,26.0
1407,1407,79.0,30.0
1408,1408,79.0,30.0
1409,1409,79.0,30.0
1410,1410,79.0,30.0
1411,1411,79.0,30.0
1412,1412,79.0,30.0
1413,1413,79.0,30.0
1414,1414,79.0,30.0
1415,1415,79.0,30.0
1416,1416,79.0,30.0
1417,1417,79.0,30.0
1418,1418,79.0,30.0
1419,1419,79.0,30.0
1420,1420,79.0,30.0
1421,1421,79.0,30.0
1422,1422,79.0,30.0
1423,1423,79.0,30.0
1424,1424,79.0,30.0
1425,1425,79.0,30.0
1426,1426,79.0,30.0
1427,1427,82.0,34.0
1428,1428,79.0,30.0
1429,1429,79.0,30.0
1430,1430,79.0,30.0
1431,1431,79.0,30.0
1432,1432,79.0,30.0
1433,1433,79.0,30.0
1434,1434,79.0,30.0
1435,1435,79.0,30.0
1436,1436,79.0,30.0
1437,1437,79.0,30.0
1438,1438,79.0,30.0
1439,1439,79.0,30.0
1440,1440,79.0,30.0
1441,1441,79.0,30.0
1442,1442,79.0,30.0
1443,1443,79.0,30.0
1444,1444,79.0,30.0
1445,1445,79.0,30.0
1446,1446,79.0,30.0
1447,1447,79.0,30.0
1448,1448,79.0,30.0
1449,1449,79.0,30.0
1450,1450,79.0,30.0
1451,1451,79.0,30.0
1452,1452,80.0,31.0
1453,1453,79.0,30.0
1454,1454,79.0,30.0
1455,1455,80.0,32.0
1456,1456,79.0,30.0
1457,1457,79.0,30.0
1458,1458,77.0,28.0
1459,1459,79.0,30.0
1460,1460,79.0,30.0
1461,1461,79.0,30.0
1462,1462,79.0,30.0
1463,1463,79.0,30.0
1464,1464,79.0,30.0
1465,1465,79.0,30.0
1466,1466,79.0,30.0
1467,1467,79.0,30.0
1468,1468,79.0,30.0
1469,1469,79.0,30.0
1470,1470,79.0,30.0
1471,1471,79.0,30.0
1472,1472,79.0,30.0
1473,1473,79.0,30.0
1474,1474,86.0,32.0
1475,1475,79.0,30.0
1476,1476,79.0,30.0
1477,1477,79.0,30.0
1478,1478,79.0,30.0
1479,1479,79.0,30.0
1480,1480,79.0,30.0
1481,1481,79.0,30.0
1482,1482,79.0,30.0
1483,1483,79.0,30.0
1484,1484,79.0,30.0
1485,1485,79.0,30.0
1486,1486,79.0,30.0
1487,1487,79.0,30.0
1488,1488,79.0,30.0
1489,1489,79.0,30.0
1490,1490,79.0,30.0
1491,1491,79.0,30.0
1492,1492,79.0,30.0
1493,1493,79.0,30.0
1494,1494,79.0,30.0
1495,1495,79.0,30.0
1496,1496,79.0,30.0
1497,1497,79.0,30.0
1498,1498,79.0,30.0
1499,1499,79.0,30.0
1500,1500,79.0,30.0
1501,1501,79.0,30.0
1502,1502,79.0,30.0
1503,1503,79.0,30.0
1504,1504,79.0,30.0
1505,1505,79.0,30.0
1506,1506,79.0,30.0
1507,1507,79.0,30.0
1508,1508,79.0,30.0
1509,1509,79.0,30.0
1510,1510,79.0,30.0
1511,1511,79.0,30.0
1512,1512,79.0,30.0
1513,1513,79.0,30.0
1514,1514,79.0,30.0
1515,1515,79.0,30.0
1516,1516,79.0,30.0
1517,1517,79.0,30.0
1518,1518,80.0,31.0
1519,1519,79.0,30.0
1520,1520,79.0,30.0
1521,1521,79.0,30.0
1522,1522,79.0,30.0
1523,1523,79.0,30.0
1524,1524,79.0,30.0
1525,1525,79.0,30.0
1526,1526,79.0,30.0
1527,1527,79.0,30.0
1528,1528,79.0,30.0
1529,1529,79.0,30.0
1530,1530,80.0,34.0
1531,1531,79.0,30.0
1532,1532,79.0,30.0
1533,1533,79.0,30.0
1534,1534,79.0,30.0
1535,1535,79.0,30.0
1536,1536,79.0,30.0
1537,1537,79.0,30.0
1538,1538,79.0,30.0
1539,1539,86.0,32.0
1540,1540,79.0,30.0
1541,1541,79.0,30.0
1542,1542,79.0,30.0
1543,1543,79.0,30.0
1544,1544,79.0,30.0
1545,1545,79.0,30.0
1546,1546,79.0,30.0
1547,1547,79.0,30.0
1548,1548,86.0,32.0
1549,1549,79.0,30.0
1550,1550,79.0,30.0
1551,1551,79.0,30.0
1552,1552,79.0,30.0
1553,1553,79.0,30.0
1554,1554,79.0,30.0
1555,1555,75.0,27.0
1556,1556,79.0,30.0
1557,1557,79.0,30.0
1558,1558,79.0,30.0
1559,1559,79.0,30.0
1560,1560,79.0,30.0
1561,1561,79.0,30.0
1562,1562,80.0,34.0
1563,1563,79.0,30.0
1564,1564,79.0,30.0
1565,1565,79.0,30.0
1566,1566,79.0,30.0
1567,1567,79.0,30.0
1568,1568,79.0,30.0
1569,1569,79.0,30.0
1570,1570,79.0,30.0
1571,1571,79.0,30.0
1572,1572,79.0,30.0
1573,1573,79.0,30.0
1574,1574,79.0,30.0
1575,1575,79.0,30.0
1576,1576,79.0,30.0
1577,1577,79.0,30.0
1578,1578,79.0,30.0
1579,1579,79.0,30.0
1580,1580,79.0,30.0
1581,1581,79.0,30.0
1582,1582,79.0,30.0
1583,1583,79.0,30.0
1584,1584,79.0,30.0
1585,1585,79.0,30.0
1586,1586,79.0,30.0
1587,1587,79.0,30.0
1588,1588,79.0,30.0
1589,1589,79.0,30.0
1590,1590,79.0,30.0
1591,1591,79.0,30.0
1592,1592,86.0,32.0
1593,1593,79.0,30.0
1594,1594,79.0,30.0
1595,1595,79.0,30.0
1596,1596,79.0,30.0
1597,1597,79.0,30.0
1598,1598,79.0,30.0
1599,1599,79.0,30.0
1600,1600,79.0,30.0
1601,1601,79.0,30.0
1602,1602,79.0,30.0
1603,1603,79.0,30.0
1604,1604,79.0,30.0
1605,1605,79.0,30.0
1606,1606,79.0,30.0
1607,1607,79.0,30.0
1608,1608,79.0,30.0
1609,1609,79.0,30.0
1610,1610,79.0,30.0
1611,1611,82.0,29.0
1612,1612,79.0,30.0
1613,1613,79.0,30.0
1614,1614,79.0,30.0
1615,1615,79.0,30.0
1616,1616,79.0,30.0
1617,1617,78.0,24.0
1618,1618,79.0,30.0
1619,1619,79.0,30.0
1620,1620,79.0,30.0
1621,1621,79.0,30.0
1622,1622,79.0,30.0
1623,1623,79.0,30.0
1624,1624,79.0,30.0
1625,1625,79.0,30.0
1626,1626,79.0,30.0
1627,1627,79.0,30.0
1628,1628,79.0,30.0
1629,1629,79.0,30.0
1630,1630,79.0,30.0
1631,1631,79.0,30.0
1632,1632,79.0,30.0
1633,1633,79.0,30.0
1634,1634,79.0,30.0
1635,1635,86.0,32.0
1636,1636,86.0,32.0
1637,1637,79.0,30.0
1638,1638,79.0,30.0
1639,1639,79.0,30.0
1640,1640,79.0,30.0
1641,1641,79.0,30.0
1642,1642,79.0,30.0
1643,1643,79.0,30.0
1644,1644,79.0,30.0
1645,1645,79.0,30.0
1646,1646,81.0,35.0
1647,1647,79.0,30.0
1648,1648,79.0,30.0
1649,1649,79.0,30.0
1650,1650,79.0,30.0
1651,1651,79.0,30.0
1652,1652,79.0,30.0
1653,1653,79.0,30.0
1654,1654,79.0,30.0
1655,1655,79.0,30.0
1656,1656,79.0,30.0
1657,1657,79.0,30.0
1658,1658,79.0,30.0
1659,1659,79.0,30.0
1660,1660,79.0,30.0
1661,1661,79.0,30.0
1662,1662,79.0,30.0
1663,1663,79.0,30.0
1664,1664,79.0,30.0
1665,1665,79.0,30.0
1666,1666,79.0,30.0
1667,1667,79.0,30.0
1668,1668,79.0,30.0
1669,1669,79.0,30.0
1670,1670,79.0,30.0
1671,1671,79.0,30.0
1672,1672,79.0,30.0
1673,1673,79.0,30.0
1674,1674,79.0,30.0
1675,1675,79.0,30.0
1676,1676,79.0,30.0
1677,1677,79.0,30.0
1678,1678,79.0,30.0
1679,1679,79.0,30.0
1680,1680,80.0,31.0
1681,1681,79.0,30.0
1682,1682,79.0,30.0
1683,1683,79.0,30.0
1684,1684,79.0,30.0
1685,1685,79.0,30.0
1686,1686,79.0,30.0
1687,1687,80.0,33.0
1688,1688,79.0,30.0
1689,1689,79.0,30.0
1690,1690,79.0,30.0
1691,1691,79.0,30.0
1692,1692,79.0,30.0
1693,1693,79.0,30.0
1694,1694,79.0,30.0
1695,1695,79.0,30.0
1696,1696,79.0,30.0
1697,1697,79.0,30.0
1698,1698,79.0,30.0
1699,1699,79.0,30.0
1700,1700,86.0,32.0
1701,1701,79.0,30.0
1702,1702,79.0,30.0
1703,1703,79.0,30.0
1704,1704,79.0,30.0
1705,1705,86.0,32.0
1706,1706,79.0,30.0
1707,1707,79.0,30.0
1708,1708,77.0,29.0
1709,1709,79.0,30.0
1710,1710,79.0,30.0
1711,1711,79.0,30.0
1712,1712,79.0,30.0
1713,1713,79.0,30.0
1714,1714,79.0,30.0
1715,1715,79.0,30.0
1716,1716,79.0,30.0
1717,1717,79.0,30.0
1718,1718,79.0,30.0
1719,1719,79.0,30.0
1720,1720,79.0,30.0
1721,1721,79.0,30.0
1722,1722,79.0,30.0
1723,1723,80.0,34.0
1724,1724,79.0,30.0
1725,1725,79.0,30.0
1726,1726,79.0,30.0
1727,1727,79.0,30.0
1728,1728,79.0,30.0
1729,1729,79.0,30.0
1730,1730,79.0,30.0
1731,1731,79.0,30.0
1732,1732,79.0,30.0
1733,1733,79.0,30.0
1734,1734,79.0,30.0
1735,1735,79.0,30.0
1736,1736,79.0,30.0
1737,1737,86.0,29.0
1738,1738,79.0,30.0
1739,1739,79.0,30.0
1740,1740,79.0,30.0
1741,1741,79.0,30.0
1742,1742,79.0,30.0
1743,1743,79.0,30.0
1744,1744,79.0,30.0
1745,1745,79.0,30.0
1746,1746,79.0,30.0
1747,1747,79.0,30.0
1748,1748,79.0,30.0
1749,1749,86.0,32.0
1750,1750,79.0,30.0
1751,1751,79.0,30.0
1752,1752,86.0,32.0
1753,1753,79.0,30.0
1754,1754,79.0,30.0
1755,1755,79.0,30.0
1756,1756,79.0,30.0
1757,1757,77.0,29.0
1758,1758,79.0,30.0
1759,1759,79.0,30.0
1760,1760,79.0,30.0
1761,1761,79.0,30.0
1762,1762,79.0,30.0
1763,1763,79.0,30.0
1764,1764,79.0,30.0
1765,1765,79.0,30.0
1766,1766,79.0,30.0
1767,1767,83.0,30.0
1768,1768,79.0,30.0
1769,1769,79.0,30.0
1770,1770,79.0,30.0
1771,1771,81.0,30.0
1772,1772,79.0,30.0
1773,1773,79.0,30.0
1774,1774,86.0,32.0
1775,1775,79.0,30.0
1776,1776,79.0,30.0
1777,1777,79.0,30.0
1778,1778,79.0,30.0
1779,1779,79.0,30.0
1780,1780,79.0,30.0
1781,1781,79.0,30.0
1782,1782,79.0,30.0
