,imageID,left_Eye_center_x,left_Eye_center_y
0,0,66.0,37.0
1,1,66.0,36.0
2,2,66.0,36.0
3,3,66.0,38.0
4,4,69.0,42.0
5,5,64.0,37.0
6,6,64.0,40.0
7,7,65.0,36.0
8,8,67.0,39.0
9,9,67.0,35.0
10,10,68.0,38.0
11,11,67.0,39.0
12,12,71.0,41.0
13,13,63.0,41.0
14,14,67.0,39.0
15,15,66.0,37.0
16,16,67.0,39.0
17,17,66.0,38.0
18,18,65.0,35.0
19,19,70.0,39.0
20,20,66.0,36.0
21,21,66.0,36.0
22,22,65.0,38.0
23,23,70.0,42.0
24,24,65.0,35.0
25,25,67.0,36.0
26,26,65.0,36.0
27,27,68.0,37.0
28,28,66.0,36.0
29,29,66.0,36.0
30,30,66.0,40.0
31,31,67.0,38.0
32,32,66.0,36.0
33,33,69.0,42.0
34,34,68.0,36.0
35,35,67.0,39.0
36,36,66.0,37.0
37,37,66.0,39.0
38,38,69.0,38.0
39,39,66.0,37.0
40,40,64.0,37.0
41,41,68.0,38.0
42,42,70.0,38.0
43,43,63.0,42.0
44,44,66.0,35.0
45,45,64.0,37.0
46,46,69.0,38.0
47,47,65.0,39.0
48,48,66.0,40.0
49,49,68.0,38.0
50,50,67.0,35.0
51,51,65.0,38.0
52,52,67.0,39.0
53,53,66.0,36.0
54,54,64.0,37.0
55,55,67.0,39.0
56,56,66.0,37.0
57,57,68.0,38.0
58,58,69.0,38.0
59,59,66.0,38.0
60,60,67.0,37.0
61,61,70.0,40.0
62,62,72.0,38.0
63,63,70.0,38.0
64,64,66.0,40.0
65,65,67.0,38.0
66,66,66.0,36.0
67,67,66.0,36.0
68,68,65.0,37.0
69,69,64.0,34.0
70,70,66.0,36.0
71,71,67.0,37.0
72,72,69.0,41.0
73,73,66.0,36.0
74,74,67.0,35.0
75,75,42.0,45.0
76,76,66.0,39.0
77,77,66.0,33.0
78,78,69.0,38.0
79,79,66.0,38.0
80,80,63.0,38.0
81,81,67.0,36.0
82,82,68.0,35.0
83,83,69.0,38.0
84,84,68.0,40.0
85,85,68.0,41.0
86,86,67.0,40.0
87,87,67.0,39.0
88,88,66.0,33.0
89,89,66.0,39.0
90,90,68.0,38.0
91,91,65.0,41.0
92,92,66.0,38.0
93,93,67.0,40.0
94,94,67.0,38.0
95,95,68.0,42.0
96,96,68.0,38.0
97,97,69.0,38.0
98,98,66.0,36.0
99,99,66.0,36.0
100,100,70.0,42.0
101,101,67.0,39.0
102,102,66.0,38.0
103,103,66.0,36.0
104,104,67.0,40.0
105,105,68.0,37.0
106,106,65.0,39.0
107,107,68.0,38.0
108,108,68.0,38.0
109,109,67.0,40.0
110,110,67.0,40.0
111,111,66.0,36.0
112,112,64.0,34.0
113,113,66.0,36.0
114,114,66.0,36.0
115,115,65.0,37.0
116,116,68.0,35.0
117,117,65.0,35.0
118,118,64.0,45.0
119,119,69.0,38.0
120,120,67.0,40.0
121,121,66.0,40.0
122,122,64.0,39.0
123,123,68.0,36.0
124,124,67.0,38.0
125,125,67.0,35.0
126,126,65.0,37.0
127,127,66.0,39.0
128,128,64.0,39.0
129,129,65.0,35.0
130,130,66.0,36.0
131,131,67.0,39.0
132,132,66.0,38.0
133,133,67.0,36.0
134,134,64.0,38.0
135,135,65.0,35.0
136,136,69.0,41.0
137,137,66.0,36.0
138,138,66.0,36.0
139,139,67.0,35.0
140,140,67.0,38.0
141,141,67.0,38.0
142,142,68.0,38.0
143,143,66.0,36.0
144,144,67.0,37.0
145,145,66.0,37.0
146,146,66.0,36.0
147,147,69.0,41.0
148,148,67.0,39.0
149,149,66.0,37.0
150,150,69.0,37.0
151,151,68.0,38.0
152,152,66.0,38.0
153,153,65.0,38.0
154,154,67.0,36.0
155,155,68.0,37.0
156,156,66.0,37.0
157,157,70.0,42.0
158,158,67.0,37.0
159,159,67.0,36.0
160,160,68.0,34.0
161,161,67.0,36.0
162,162,68.0,38.0
163,163,67.0,39.0
164,164,65.0,41.0
165,165,69.0,38.0
166,166,69.0,38.0
167,167,67.0,37.0
168,168,67.0,38.0
169,169,66.0,36.0
170,170,66.0,42.0
171,171,66.0,37.0
172,172,65.0,36.0
173,173,67.0,35.0
174,174,66.0,38.0
175,175,67.0,40.0
176,176,69.0,34.0
177,177,65.0,40.0
178,178,65.0,37.0
179,179,67.0,35.0
180,180,66.0,36.0
181,181,68.0,37.0
182,182,67.0,39.0
183,183,67.0,39.0
184,184,67.0,37.0
185,185,66.0,36.0
186,186,67.0,35.0
187,187,68.0,37.0
188,188,66.0,40.0
189,189,66.0,36.0
190,190,67.0,39.0
191,191,65.0,38.0
192,192,69.0,38.0
193,193,67.0,40.0
194,194,63.0,37.0
195,195,66.0,36.0
196,196,65.0,36.0
197,197,66.0,38.0
198,198,69.0,38.0
199,199,69.0,39.0
200,200,67.0,39.0
201,201,67.0,40.0
202,202,67.0,37.0
203,203,66.0,39.0
204,204,65.0,35.0
205,205,67.0,39.0
206,206,65.0,35.0
207,207,66.0,37.0
208,208,66.0,36.0
209,209,65.0,35.0
210,210,65.0,37.0
211,211,68.0,37.0
212,212,67.0,39.0
213,213,65.0,37.0
214,214,66.0,36.0
215,215,67.0,38.0
216,216,71.0,38.0
217,217,65.0,37.0
218,218,67.0,37.0
219,219,64.0,37.0
220,220,66.0,37.0
221,221,70.0,38.0
222,222,70.0,37.0
223,223,65.0,41.0
224,224,66.0,36.0
225,225,67.0,39.0
226,226,64.0,37.0
227,227,64.0,37.0
228,228,67.0,38.0
229,229,66.0,33.0
230,230,67.0,35.0
231,231,66.0,36.0
232,232,66.0,36.0
233,233,65.0,38.0
234,234,66.0,38.0
235,235,67.0,38.0
236,236,64.0,37.0
237,237,68.0,34.0
238,238,69.0,38.0
239,239,65.0,38.0
240,240,33.0,20.0
241,241,66.0,36.0
242,242,67.0,38.0
243,243,66.0,33.0
244,244,67.0,39.0
245,245,67.0,39.0
246,246,65.0,41.0
247,247,64.0,45.0
248,248,66.0,40.0
249,249,65.0,35.0
250,250,68.0,36.0
251,251,68.0,37.0
252,252,67.0,39.0
253,253,67.0,37.0
254,254,67.0,38.0
255,255,68.0,38.0
256,256,68.0,37.0
257,257,68.0,40.0
258,258,69.0,35.0
259,259,66.0,36.0
260,260,66.0,33.0
261,261,66.0,35.0
262,262,65.0,37.0
263,263,67.0,40.0
264,264,70.0,39.0
265,265,66.0,36.0
266,266,67.0,40.0
267,267,65.0,38.0
268,268,65.0,36.0
269,269,64.0,40.0
270,270,66.0,33.0
271,271,64.0,34.0
272,272,66.0,38.0
273,273,65.0,35.0
274,274,67.0,38.0
275,275,67.0,40.0
276,276,68.0,37.0
277,277,68.0,34.0
278,278,65.0,37.0
279,279,68.0,42.0
280,280,66.0,37.0
281,281,66.0,39.0
282,282,67.0,38.0
283,283,65.0,40.0
284,284,68.0,38.0
285,285,65.0,37.0
286,286,65.0,37.0
287,287,66.0,37.0
288,288,66.0,36.0
289,289,68.0,41.0
290,290,66.0,38.0
291,291,65.0,36.0
292,292,67.0,39.0
293,293,66.0,33.0
294,294,71.0,36.0
295,295,69.0,38.0
296,296,70.0,38.0
297,297,67.0,39.0
298,298,66.0,36.0
299,299,67.0,36.0
300,300,66.0,37.0
301,301,65.0,37.0
302,302,67.0,36.0
303,303,68.0,39.0
304,304,66.0,37.0
305,305,68.0,37.0
306,306,69.0,38.0
307,307,68.0,38.0
308,308,67.0,39.0
309,309,65.0,36.0
310,310,66.0,37.0
311,311,68.0,38.0
312,312,66.0,37.0
313,313,66.0,36.0
314,314,68.0,38.0
315,315,67.0,37.0
316,316,66.0,33.0
317,317,68.0,37.0
318,318,68.0,40.0
319,319,71.0,36.0
320,320,66.0,37.0
321,321,66.0,36.0
322,322,64.0,37.0
323,323,66.0,40.0
324,324,66.0,37.0
325,325,66.0,36.0
326,326,67.0,40.0
327,327,66.0,38.0
328,328,68.0,37.0
329,329,69.0,39.0
330,330,68.0,37.0
331,331,64.0,37.0
332,332,68.0,40.0
333,333,67.0,39.0
334,334,66.0,36.0
335,335,67.0,36.0
336,336,66.0,36.0
337,337,66.0,36.0
338,338,66.0,37.0
339,339,68.0,38.0
340,340,69.0,43.0
341,341,66.0,37.0
342,342,64.0,37.0
343,343,67.0,39.0
344,344,63.0,36.0
345,345,68.0,37.0
346,346,68.0,38.0
347,347,65.0,40.0
348,348,66.0,36.0
349,349,63.0,36.0
350,350,65.0,37.0
351,351,68.0,36.0
352,352,63.0,38.0
353,353,65.0,38.0
354,354,65.0,37.0
355,355,67.0,37.0
356,356,65.0,36.0
357,357,66.0,38.0
358,358,66.0,38.0
359,359,67.0,40.0
360,360,67.0,39.0
361,361,67.0,38.0
362,362,66.0,36.0
363,363,68.0,40.0
364,364,66.0,36.0
365,365,68.0,37.0
366,366,68.0,38.0
367,367,66.0,37.0
368,368,66.0,39.0
369,369,66.0,39.0
370,370,66.0,35.0
371,371,68.0,37.0
372,372,69.0,38.0
373,373,66.0,37.0
374,374,68.0,38.0
375,375,66.0,35.0
376,376,67.0,36.0
377,377,66.0,37.0
378,378,68.0,38.0
379,379,66.0,38.0
380,380,67.0,37.0
381,381,68.0,39.0
382,382,71.0,43.0
383,383,67.0,39.0
384,384,69.0,39.0
385,385,67.0,38.0
386,386,65.0,38.0
387,387,66.0,37.0
388,388,65.0,37.0
389,389,71.0,36.0
390,390,65.0,37.0
391,391,66.0,37.0
392,392,70.0,32.0
393,393,68.0,38.0
394,394,63.0,38.0
395,395,66.0,37.0
396,396,66.0,36.0
397,397,70.0,39.0
398,398,68.0,37.0
399,399,66.0,38.0
400,400,68.0,38.0
401,401,66.0,33.0
402,402,66.0,34.0
403,403,67.0,39.0
404,404,65.0,37.0
405,405,67.0,39.0
406,406,66.0,38.0
407,407,68.0,39.0
408,408,66.0,33.0
409,409,71.0,44.0
410,410,69.0,38.0
411,411,70.0,42.0
412,412,67.0,39.0
413,413,68.0,36.0
414,414,64.0,36.0
415,415,66.0,36.0
416,416,65.0,35.0
417,417,67.0,37.0
418,418,63.0,41.0
419,419,66.0,33.0
420,420,64.0,39.0
421,421,65.0,36.0
422,422,69.0,40.0
423,423,66.0,36.0
424,424,67.0,37.0
425,425,66.0,36.0
426,426,66.0,36.0
427,427,69.0,38.0
428,428,68.0,36.0
429,429,66.0,35.0
430,430,33.0,20.0
431,431,67.0,39.0
432,432,63.0,36.0
433,433,64.0,42.0
434,434,67.0,43.0
435,435,64.0,37.0
436,436,66.0,37.0
437,437,69.0,40.0
438,438,67.0,38.0
439,439,66.0,36.0
440,440,62.0,37.0
441,441,66.0,36.0
442,442,66.0,37.0
443,443,67.0,35.0
444,444,65.0,40.0
445,445,67.0,34.0
446,446,66.0,36.0
447,447,63.0,36.0
448,448,66.0,33.0
449,449,66.0,41.0
450,450,68.0,38.0
451,451,69.0,37.0
452,452,67.0,36.0
453,453,69.0,43.0
454,454,63.0,35.0
455,455,65.0,37.0
456,456,67.0,39.0
457,457,66.0,36.0
458,458,62.0,36.0
459,459,64.0,37.0
460,460,65.0,40.0
461,461,66.0,35.0
462,462,65.0,33.0
463,463,67.0,39.0
464,464,69.0,34.0
465,465,65.0,40.0
466,466,67.0,40.0
467,467,67.0,37.0
468,468,67.0,39.0
469,469,68.0,38.0
470,470,70.0,43.0
471,471,66.0,41.0
472,472,66.0,37.0
473,473,66.0,30.0
474,474,67.0,37.0
475,475,65.0,37.0
476,476,64.0,40.0
477,477,66.0,36.0
478,478,69.0,38.0
479,479,67.0,37.0
480,480,67.0,38.0
481,481,69.0,38.0
482,482,63.0,37.0
483,483,69.0,38.0
484,484,65.0,38.0
485,485,66.0,36.0
486,486,66.0,36.0
487,487,69.0,41.0
488,488,64.0,39.0
489,489,69.0,38.0
490,490,66.0,36.0
491,491,67.0,28.0
492,492,68.0,35.0
493,493,70.0,37.0
494,494,67.0,38.0
495,495,66.0,36.0
496,496,66.0,35.0
497,497,68.0,38.0
498,498,65.0,35.0
499,499,66.0,36.0
500,500,72.0,38.0
501,501,76.0,94.0
502,502,69.0,39.0
503,503,67.0,39.0
504,504,66.0,42.0
505,505,63.0,36.0
506,506,70.0,38.0
507,507,66.0,43.0
508,508,64.0,34.0
509,509,66.0,39.0
510,510,66.0,35.0
511,511,68.0,39.0
512,512,67.0,39.0
513,513,67.0,43.0
514,514,68.0,41.0
515,515,68.0,37.0
516,516,66.0,36.0
517,517,64.0,37.0
518,518,66.0,33.0
519,519,67.0,39.0
520,520,66.0,36.0
521,521,68.0,35.0
522,522,66.0,34.0
523,523,64.0,39.0
524,524,83.0,14.0
525,525,66.0,42.0
526,526,67.0,38.0
527,527,68.0,38.0
528,528,33.0,20.0
529,529,65.0,35.0
530,530,8.0,40.0
531,531,66.0,37.0
532,532,68.0,40.0
533,533,68.0,36.0
534,534,67.0,38.0
535,535,68.0,42.0
536,536,68.0,37.0
537,537,67.0,40.0
538,538,67.0,36.0
539,539,67.0,39.0
540,540,69.0,40.0
541,541,67.0,35.0
542,542,65.0,39.0
543,543,66.0,34.0
544,544,88.0,88.0
545,545,66.0,41.0
546,546,66.0,37.0
547,547,64.0,37.0
548,548,66.0,30.0
549,549,66.0,34.0
550,550,69.0,37.0
551,551,65.0,38.0
552,552,66.0,36.0
553,553,68.0,37.0
554,554,64.0,39.0
555,555,71.0,40.0
556,556,66.0,36.0
557,557,71.0,39.0
558,558,64.0,36.0
559,559,69.0,38.0
560,560,68.0,37.0
561,561,65.0,37.0
562,562,67.0,39.0
563,563,67.0,38.0
564,564,70.0,40.0
565,565,64.0,37.0
566,566,67.0,40.0
567,567,65.0,38.0
568,568,66.0,36.0
569,569,66.0,33.0
570,570,68.0,37.0
571,571,66.0,36.0
572,572,68.0,37.0
573,573,66.0,37.0
574,574,66.0,42.0
575,575,70.0,39.0
576,576,65.0,35.0
577,577,67.0,39.0
578,578,68.0,37.0
579,579,69.0,42.0
580,580,4.0,31.0
581,581,65.0,38.0
582,582,69.0,41.0
583,583,67.0,40.0
584,584,71.0,36.0
585,585,68.0,33.0
586,586,66.0,42.0
587,587,66.0,36.0
588,588,66.0,42.0
589,589,67.0,40.0
590,590,69.0,39.0
591,591,64.0,37.0
592,592,68.0,36.0
593,593,63.0,37.0
594,594,67.0,35.0
595,595,67.0,39.0
596,596,65.0,35.0
597,597,68.0,42.0
598,598,66.0,36.0
599,599,67.0,39.0
600,600,64.0,39.0
601,601,67.0,37.0
602,602,66.0,37.0
603,603,66.0,36.0
604,604,65.0,38.0
605,605,66.0,36.0
606,606,65.0,35.0
607,607,68.0,34.0
608,608,67.0,37.0
609,609,66.0,36.0
610,610,69.0,38.0
611,611,69.0,41.0
612,612,66.0,35.0
613,613,66.0,36.0
614,614,68.0,37.0
615,615,69.0,38.0
616,616,65.0,36.0
617,617,62.0,37.0
618,618,68.0,36.0
619,619,66.0,40.0
620,620,66.0,36.0
621,621,65.0,40.0
622,622,67.0,36.0
623,623,67.0,41.0
624,624,67.0,39.0
625,625,63.0,36.0
626,626,66.0,36.0
627,627,67.0,39.0
628,628,66.0,33.0
629,629,70.0,38.0
630,630,66.0,35.0
631,631,69.0,38.0
632,632,65.0,38.0
633,633,66.0,38.0
634,634,69.0,41.0
635,635,66.0,35.0
636,636,65.0,35.0
637,637,66.0,37.0
638,638,69.0,38.0
639,639,64.0,39.0
640,640,66.0,33.0
641,641,66.0,42.0
642,642,66.0,36.0
643,643,66.0,37.0
644,644,66.0,36.0
645,645,68.0,38.0
646,646,69.0,35.0
647,647,67.0,41.0
648,648,64.0,34.0
649,649,66.0,36.0
650,650,68.0,37.0
651,651,69.0,41.0
652,652,68.0,38.0
653,653,66.0,33.0
654,654,66.0,43.0
655,655,66.0,36.0
656,656,66.0,36.0
657,657,69.0,41.0
658,658,66.0,36.0
659,659,65.0,37.0
660,660,69.0,38.0
661,661,66.0,39.0
662,662,74.0,42.0
663,663,68.0,42.0
664,664,69.0,41.0
665,665,66.0,37.0
666,666,71.0,38.0
667,667,66.0,33.0
668,668,66.0,36.0
669,669,68.0,36.0
670,670,68.0,40.0
671,671,68.0,40.0
672,672,64.0,39.0
673,673,66.0,40.0
674,674,67.0,38.0
675,675,69.0,39.0
676,676,69.0,38.0
677,677,67.0,39.0
678,678,67.0,39.0
679,679,66.0,36.0
680,680,66.0,36.0
681,681,71.0,36.0
682,682,67.0,39.0
683,683,66.0,30.0
684,684,68.0,37.0
685,685,68.0,39.0
686,686,66.0,38.0
687,687,65.0,37.0
688,688,64.0,39.0
689,689,66.0,43.0
690,690,66.0,39.0
691,691,67.0,39.0
692,692,66.0,36.0
693,693,66.0,35.0
694,694,63.0,34.0
695,695,71.0,40.0
696,696,66.0,36.0
697,697,65.0,35.0
698,698,68.0,40.0
699,699,68.0,34.0
700,700,67.0,38.0
701,701,43.0,24.0
702,702,66.0,41.0
703,703,66.0,36.0
704,704,67.0,40.0
705,705,68.0,38.0
706,706,67.0,39.0
707,707,65.0,38.0
708,708,69.0,34.0
709,709,67.0,39.0
710,710,66.0,36.0
711,711,64.0,37.0
712,712,66.0,36.0
713,713,67.0,37.0
714,714,66.0,36.0
715,715,67.0,38.0
716,716,67.0,40.0
717,717,67.0,35.0
718,718,66.0,38.0
719,719,67.0,38.0
720,720,67.0,37.0
721,721,66.0,36.0
722,722,67.0,38.0
723,723,66.0,37.0
724,724,66.0,37.0
725,725,67.0,40.0
726,726,67.0,40.0
727,727,62.0,36.0
728,728,60.0,35.0
729,729,67.0,39.0
730,730,68.0,40.0
731,731,65.0,38.0
732,732,68.0,38.0
733,733,68.0,40.0
734,734,67.0,38.0
735,735,68.0,40.0
736,736,67.0,37.0
737,737,68.0,38.0
738,738,72.0,38.0
739,739,66.0,36.0
740,740,67.0,39.0
741,741,65.0,40.0
742,742,66.0,36.0
743,743,67.0,40.0
744,744,72.0,38.0
745,745,67.0,39.0
746,746,65.0,40.0
747,747,66.0,38.0
748,748,67.0,38.0
749,749,68.0,38.0
750,750,63.0,42.0
751,751,70.0,38.0
752,752,66.0,36.0
753,753,69.0,41.0
754,754,65.0,40.0
755,755,66.0,40.0
756,756,66.0,36.0
757,757,67.0,37.0
758,758,70.0,40.0
759,759,67.0,40.0
760,760,71.0,38.0
761,761,66.0,36.0
762,762,66.0,34.0
763,763,66.0,36.0
764,764,66.0,36.0
765,765,69.0,41.0
766,766,68.0,38.0
767,767,66.0,33.0
768,768,66.0,36.0
769,769,66.0,40.0
770,770,66.0,39.0
771,771,67.0,43.0
772,772,66.0,33.0
773,773,66.0,36.0
774,774,66.0,37.0
775,775,64.0,39.0
776,776,68.0,39.0
777,777,66.0,37.0
778,778,67.0,43.0
779,779,68.0,40.0
780,780,64.0,37.0
781,781,65.0,37.0
782,782,64.0,37.0
783,783,65.0,37.0
784,784,72.0,38.0
785,785,66.0,33.0
786,786,71.0,35.0
787,787,67.0,39.0
788,788,63.0,41.0
789,789,66.0,42.0
790,790,65.0,40.0
791,791,66.0,38.0
792,792,69.0,38.0
793,793,65.0,36.0
794,794,66.0,37.0
795,795,70.0,39.0
796,796,67.0,38.0
797,797,67.0,39.0
798,798,46.0,37.0
799,799,67.0,37.0
800,800,65.0,36.0
801,801,66.0,38.0
802,802,66.0,36.0
803,803,69.0,38.0
804,804,66.0,36.0
805,805,66.0,38.0
806,806,68.0,41.0
807,807,68.0,41.0
808,808,28.0,91.0
809,809,66.0,33.0
810,810,63.0,41.0
811,811,65.0,39.0
812,812,66.0,36.0
813,813,66.0,41.0
814,814,66.0,42.0
815,815,68.0,40.0
816,816,64.0,39.0
817,817,68.0,38.0
818,818,66.0,37.0
819,819,67.0,35.0
820,820,69.0,41.0
821,821,66.0,36.0
822,822,72.0,38.0
823,823,66.0,36.0
824,824,66.0,36.0
825,825,67.0,39.0
826,826,66.0,36.0
827,827,66.0,42.0
828,828,66.0,38.0
829,829,68.0,37.0
830,830,68.0,37.0
831,831,68.0,40.0
832,832,67.0,35.0
833,833,68.0,40.0
834,834,66.0,39.0
835,835,67.0,40.0
836,836,65.0,38.0
837,837,67.0,38.0
838,838,65.0,38.0
839,839,66.0,33.0
840,840,67.0,39.0
841,841,64.0,39.0
842,842,67.0,40.0
843,843,66.0,36.0
844,844,67.0,39.0
845,845,69.0,38.0
846,846,66.0,36.0
847,847,65.0,40.0
848,848,66.0,33.0
849,849,68.0,40.0
850,850,69.0,41.0
851,851,68.0,38.0
852,852,65.0,38.0
853,853,66.0,39.0
854,854,66.0,32.0
855,855,66.0,33.0
856,856,67.0,38.0
857,857,66.0,36.0
858,858,66.0,39.0
859,859,67.0,41.0
860,860,68.0,40.0
861,861,65.0,36.0
862,862,66.0,37.0
863,863,68.0,38.0
864,864,68.0,38.0
865,865,68.0,37.0
866,866,69.0,38.0
867,867,65.0,36.0
868,868,66.0,35.0
869,869,67.0,43.0
870,870,64.0,34.0
871,871,68.0,38.0
872,872,66.0,36.0
873,873,68.0,35.0
874,874,70.0,42.0
875,875,68.0,40.0
876,876,66.0,42.0
877,877,66.0,38.0
878,878,69.0,36.0
879,879,68.0,37.0
880,880,66.0,37.0
881,881,66.0,37.0
882,882,66.0,35.0
883,883,66.0,42.0
884,884,70.0,40.0
885,885,67.0,40.0
886,886,66.0,37.0
887,887,68.0,40.0
888,888,66.0,39.0
889,889,66.0,37.0
890,890,66.0,37.0
891,891,66.0,38.0
892,892,65.0,38.0
893,893,68.0,42.0
894,894,64.0,40.0
895,895,70.0,38.0
896,896,66.0,42.0
897,897,67.0,36.0
898,898,66.0,36.0
899,899,67.0,35.0
900,900,67.0,38.0
901,901,66.0,36.0
902,902,66.0,37.0
903,903,69.0,38.0
904,904,66.0,38.0
905,905,66.0,37.0
906,906,64.0,41.0
907,907,67.0,40.0
908,908,65.0,40.0
909,909,66.0,37.0
910,910,68.0,39.0
911,911,71.0,36.0
912,912,66.0,36.0
913,913,70.0,41.0
914,914,68.0,36.0
915,915,67.0,41.0
916,916,67.0,39.0
917,917,63.0,40.0
918,918,65.0,38.0
919,919,70.0,40.0
920,920,67.0,37.0
921,921,63.0,38.0
922,922,66.0,37.0
923,923,67.0,37.0
924,924,68.0,38.0
925,925,66.0,37.0
926,926,68.0,40.0
927,927,70.0,42.0
928,928,70.0,42.0
929,929,68.0,37.0
930,930,68.0,40.0
931,931,66.0,36.0
932,932,67.0,39.0
933,933,66.0,36.0
934,934,65.0,41.0
935,935,67.0,39.0
936,936,66.0,33.0
937,937,67.0,36.0
938,938,66.0,37.0
939,939,67.0,41.0
940,940,66.0,36.0
941,941,68.0,37.0
942,942,63.0,41.0
943,943,65.0,35.0
944,944,69.0,38.0
945,945,63.0,40.0
946,946,66.0,36.0
947,947,64.0,39.0
948,948,63.0,41.0
949,949,66.0,33.0
950,950,69.0,43.0
951,951,69.0,43.0
952,952,65.0,34.0
953,953,64.0,34.0
954,954,68.0,36.0
955,955,63.0,41.0
956,956,63.0,36.0
957,957,64.0,37.0
958,958,64.0,34.0
959,959,63.0,37.0
960,960,65.0,37.0
961,961,67.0,39.0
962,962,68.0,38.0
963,963,65.0,35.0
964,964,67.0,39.0
965,965,69.0,38.0
966,966,63.0,36.0
967,967,65.0,41.0
968,968,66.0,36.0
969,969,66.0,36.0
970,970,66.0,36.0
971,971,71.0,37.0
972,972,64.0,39.0
973,973,68.0,35.0
974,974,69.0,34.0
975,975,66.0,38.0
976,976,67.0,35.0
977,977,68.0,34.0
978,978,67.0,39.0
979,979,69.0,38.0
980,980,66.0,36.0
981,981,66.0,36.0
982,982,66.0,36.0
983,983,69.0,38.0
984,984,65.0,4.0
985,985,64.0,39.0
986,986,59.0,38.0
987,987,66.0,40.0
988,988,69.0,38.0
989,989,68.0,38.0
990,990,65.0,38.0
991,991,68.0,39.0
992,992,66.0,40.0
993,993,68.0,40.0
994,994,67.0,39.0
995,995,70.0,41.0
996,996,68.0,38.0
997,997,64.0,39.0
998,998,67.0,39.0
999,999,67.0,39.0
1000,1000,66.0,33.0
1001,1001,65.0,34.0
1002,1002,66.0,33.0
1003,1003,72.0,38.0
1004,1004,66.0,40.0
1005,1005,69.0,44.0
1006,1006,62.0,37.0
1007,1007,70.0,36.0
1008,1008,70.0,39.0
1009,1009,66.0,42.0
1010,1010,73.0,40.0
1011,1011,68.0,42.0
1012,1012,67.0,38.0
1013,1013,64.0,39.0
1014,1014,66.0,33.0
1015,1015,65.0,39.0
1016,1016,66.0,36.0
1017,1017,63.0,34.0
1018,1018,70.0,32.0
1019,1019,67.0,39.0
1020,1020,67.0,39.0
1021,1021,66.0,39.0
1022,1022,64.0,38.0
1023,1023,66.0,35.0
1024,1024,66.0,37.0
1025,1025,67.0,38.0
1026,1026,65.0,37.0
1027,1027,68.0,39.0
1028,1028,66.0,34.0
1029,1029,68.0,40.0
1030,1030,68.0,36.0
1031,1031,66.0,33.0
1032,1032,67.0,40.0
1033,1033,71.0,39.0
1034,1034,66.0,36.0
1035,1035,64.0,34.0
1036,1036,67.0,36.0
1037,1037,68.0,38.0
1038,1038,67.0,37.0
1039,1039,64.0,40.0
1040,1040,68.0,40.0
1041,1041,66.0,33.0
1042,1042,70.0,39.0
1043,1043,68.0,42.0
1044,1044,65.0,40.0
1045,1045,68.0,36.0
1046,1046,67.0,40.0
1047,1047,67.0,40.0
1048,1048,66.0,33.0
1049,1049,66.0,36.0
1050,1050,66.0,36.0
1051,1051,67.0,40.0
1052,1052,67.0,38.0
1053,1053,68.0,40.0
1054,1054,66.0,36.0
1055,1055,68.0,36.0
1056,1056,68.0,40.0
1057,1057,64.0,39.0
1058,1058,67.0,40.0
1059,1059,67.0,35.0
1060,1060,66.0,36.0
1061,1061,68.0,39.0
1062,1062,69.0,38.0
1063,1063,68.0,40.0
1064,1064,63.0,41.0
1065,1065,63.0,42.0
1066,1066,66.0,33.0
1067,1067,69.0,35.0
1068,1068,66.0,36.0
1069,1069,66.0,36.0
1070,1070,66.0,36.0
1071,1071,68.0,40.0
1072,1072,66.0,33.0
1073,1073,67.0,40.0
1074,1074,67.0,39.0
1075,1075,66.0,37.0
1076,1076,68.0,36.0
1077,1077,66.0,33.0
1078,1078,66.0,33.0
1079,1079,65.0,38.0
1080,1080,66.0,42.0
1081,1081,68.0,38.0
1082,1082,66.0,36.0
1083,1083,67.0,39.0
1084,1084,68.0,40.0
1085,1085,66.0,33.0
1086,1086,69.0,40.0
1087,1087,70.0,41.0
1088,1088,67.0,40.0
1089,1089,68.0,39.0
1090,1090,66.0,40.0
1091,1091,66.0,30.0
1092,1092,66.0,33.0
1093,1093,66.0,37.0
1094,1094,66.0,36.0
1095,1095,66.0,33.0
1096,1096,64.0,37.0
1097,1097,66.0,36.0
1098,1098,65.0,38.0
1099,1099,66.0,37.0
1100,1100,68.0,36.0
1101,1101,67.0,39.0
1102,1102,69.0,38.0
1103,1103,66.0,36.0
1104,1104,66.0,36.0
1105,1105,68.0,40.0
1106,1106,67.0,40.0
1107,1107,66.0,35.0
1108,1108,66.0,33.0
1109,1109,66.0,38.0
1110,1110,68.0,42.0
1111,1111,64.0,37.0
1112,1112,68.0,39.0
1113,1113,65.0,38.0
1114,1114,66.0,36.0
1115,1115,66.0,36.0
1116,1116,69.0,38.0
1117,1117,66.0,33.0
1118,1118,68.0,38.0
1119,1119,63.0,42.0
1120,1120,66.0,42.0
1121,1121,64.0,39.0
1122,1122,68.0,37.0
1123,1123,65.0,38.0
1124,1124,63.0,36.0
1125,1125,69.0,43.0
1126,1126,66.0,33.0
1127,1127,66.0,40.0
1128,1128,67.0,37.0
1129,1129,65.0,36.0
1130,1130,64.0,37.0
1131,1131,66.0,36.0
1132,1132,67.0,36.0
1133,1133,65.0,36.0
1134,1134,67.0,39.0
1135,1135,64.0,39.0
1136,1136,68.0,40.0
1137,1137,66.0,36.0
1138,1138,69.0,38.0
1139,1139,69.0,38.0
1140,1140,64.0,40.0
1141,1141,68.0,38.0
1142,1142,66.0,37.0
1143,1143,66.0,36.0
1144,1144,67.0,40.0
1145,1145,67.0,40.0
1146,1146,50.0,25.0
1147,1147,68.0,37.0
1148,1148,66.0,33.0
1149,1149,65.0,37.0
1150,1150,66.0,36.0
1151,1151,66.0,43.0
1152,1152,64.0,39.0
1153,1153,64.0,39.0
1154,1154,68.0,40.0
1155,1155,69.0,37.0
1156,1156,67.0,35.0
1157,1157,68.0,37.0
1158,1158,66.0,36.0
1159,1159,67.0,40.0
1160,1160,69.0,40.0
1161,1161,64.0,38.0
1162,1162,66.0,36.0
1163,1163,65.0,38.0
1164,1164,68.0,40.0
1165,1165,66.0,39.0
1166,1166,64.0,39.0
1167,1167,67.0,39.0
1168,1168,67.0,38.0
1169,1169,68.0,37.0
1170,1170,70.0,39.0
1171,1171,68.0,34.0
1172,1172,68.0,37.0
1173,1173,65.0,37.0
1174,1174,64.0,39.0
1175,1175,70.0,39.0
1176,1176,66.0,33.0
1177,1177,66.0,35.0
1178,1178,71.0,38.0
1179,1179,67.0,39.0
1180,1180,49.0,44.0
1181,1181,65.0,39.0
1182,1182,67.0,39.0
1183,1183,69.0,34.0
1184,1184,66.0,33.0
1185,1185,71.0,43.0
1186,1186,67.0,40.0
1187,1187,69.0,38.0
1188,1188,67.0,41.0
1189,1189,68.0,36.0
1190,1190,68.0,38.0
1191,1191,65.0,36.0
1192,1192,66.0,38.0
1193,1193,66.0,33.0
1194,1194,69.0,41.0
1195,1195,66.0,36.0
1196,1196,67.0,36.0
1197,1197,70.0,38.0
1198,1198,67.0,38.0
1199,1199,69.0,41.0
1200,1200,67.0,35.0
1201,1201,65.0,43.0
1202,1202,66.0,39.0
1203,1203,67.0,35.0
1204,1204,66.0,36.0
1205,1205,66.0,36.0
1206,1206,63.0,42.0
1207,1207,66.0,38.0
1208,1208,66.0,36.0
1209,1209,64.0,39.0
1210,1210,66.0,42.0
1211,1211,68.0,38.0
1212,1212,68.0,35.0
1213,1213,71.0,36.0
1214,1214,66.0,36.0
1215,1215,64.0,39.0
1216,1216,66.0,36.0
1217,1217,68.0,37.0
1218,1218,69.0,38.0
1219,1219,68.0,38.0
1220,1220,69.0,38.0
1221,1221,67.0,39.0
1222,1222,64.0,38.0
1223,1223,66.0,39.0
1224,1224,67.0,39.0
1225,1225,68.0,38.0
1226,1226,67.0,39.0
1227,1227,66.0,39.0
1228,1228,65.0,38.0
1229,1229,68.0,34.0
1230,1230,67.0,37.0
1231,1231,67.0,39.0
1232,1232,64.0,39.0
1233,1233,64.0,39.0
1234,1234,64.0,41.0
1235,1235,65.0,36.0
1236,1236,64.0,39.0
1237,1237,66.0,38.0
1238,1238,64.0,37.0
1239,1239,68.0,37.0
1240,1240,66.0,32.0
1241,1241,64.0,37.0
1242,1242,69.0,39.0
1243,1243,66.0,36.0
1244,1244,67.0,39.0
1245,1245,65.0,38.0
1246,1246,71.0,37.0
1247,1247,63.0,41.0
1248,1248,69.0,39.0
1249,1249,66.0,36.0
1250,1250,67.0,35.0
1251,1251,64.0,38.0
1252,1252,67.0,39.0
1253,1253,64.0,37.0
1254,1254,66.0,36.0
1255,1255,68.0,39.0
1256,1256,68.0,38.0
1257,1257,69.0,41.0
1258,1258,73.0,34.0
1259,1259,64.0,37.0
1260,1260,65.0,38.0
1261,1261,66.0,36.0
1262,1262,67.0,38.0
1263,1263,66.0,39.0
1264,1264,69.0,41.0
1265,1265,66.0,36.0
1266,1266,69.0,41.0
1267,1267,66.0,36.0
1268,1268,68.0,36.0
1269,1269,68.0,38.0
1270,1270,68.0,37.0
1271,1271,69.0,38.0
1272,1272,66.0,36.0
1273,1273,66.0,36.0
1274,1274,65.0,35.0
1275,1275,65.0,35.0
1276,1276,69.0,41.0
1277,1277,67.0,36.0
1278,1278,65.0,39.0
1279,1279,68.0,34.0
1280,1280,68.0,38.0
1281,1281,66.0,33.0
1282,1282,66.0,36.0
1283,1283,65.0,41.0
1284,1284,66.0,36.0
1285,1285,67.0,39.0
1286,1286,68.0,41.0
1287,1287,67.0,37.0
1288,1288,66.0,36.0
1289,1289,66.0,37.0
1290,1290,66.0,36.0
1291,1291,70.0,40.0
1292,1292,71.0,39.0
1293,1293,65.0,36.0
1294,1294,65.0,38.0
1295,1295,68.0,38.0
1296,1296,66.0,36.0
1297,1297,64.0,39.0
1298,1298,68.0,38.0
1299,1299,66.0,36.0
1300,1300,62.0,35.0
1301,1301,66.0,36.0
1302,1302,66.0,36.0
1303,1303,49.0,46.0
1304,1304,66.0,36.0
1305,1305,67.0,39.0
1306,1306,66.0,38.0
1307,1307,71.0,38.0
1308,1308,69.0,34.0
1309,1309,69.0,39.0
1310,1310,67.0,39.0
1311,1311,67.0,38.0
1312,1312,66.0,39.0
1313,1313,66.0,36.0
1314,1314,66.0,33.0
1315,1315,72.0,38.0
1316,1316,68.0,36.0
1317,1317,66.0,36.0
1318,1318,64.0,37.0
1319,1319,66.0,36.0
1320,1320,69.0,49.0
1321,1321,67.0,39.0
1322,1322,66.0,35.0
1323,1323,64.0,39.0
1324,1324,65.0,37.0
1325,1325,65.0,35.0
1326,1326,65.0,38.0
1327,1327,66.0,42.0
1328,1328,69.0,42.0
1329,1329,65.0,38.0
1330,1330,66.0,36.0
1331,1331,66.0,33.0
1332,1332,68.0,40.0
1333,1333,64.0,35.0
1334,1334,67.0,40.0
1335,1335,65.0,38.0
1336,1336,66.0,38.0
1337,1337,65.0,36.0
1338,1338,65.0,37.0
1339,1339,64.0,39.0
1340,1340,64.0,42.0
1341,1341,67.0,37.0
1342,1342,66.0,42.0
1343,1343,67.0,39.0
1344,1344,69.0,37.0
1345,1345,64.0,39.0
1346,1346,66.0,37.0
1347,1347,67.0,39.0
1348,1348,67.0,35.0
1349,1349,66.0,36.0
1350,1350,68.0,42.0
1351,1351,66.0,36.0
1352,1352,66.0,36.0
1353,1353,67.0,36.0
1354,1354,67.0,37.0
1355,1355,66.0,36.0
1356,1356,72.0,38.0
1357,1357,66.0,36.0
1358,1358,67.0,38.0
1359,1359,67.0,38.0
1360,1360,66.0,33.0
1361,1361,66.0,36.0
1362,1362,66.0,36.0
1363,1363,68.0,41.0
1364,1364,72.0,38.0
1365,1365,66.0,36.0
1366,1366,63.0,40.0
1367,1367,66.0,37.0
1368,1368,66.0,36.0
1369,1369,65.0,39.0
1370,1370,64.0,39.0
1371,1371,65.0,37.0
1372,1372,69.0,38.0
1373,1373,67.0,38.0
1374,1374,66.0,36.0
1375,1375,68.0,36.0
1376,1376,66.0,36.0
1377,1377,66.0,35.0
1378,1378,69.0,40.0
1379,1379,67.0,38.0
1380,1380,66.0,36.0
1381,1381,69.0,41.0
1382,1382,66.0,39.0
1383,1383,69.0,41.0
1384,1384,66.0,36.0
1385,1385,66.0,36.0
1386,1386,66.0,42.0
1387,1387,63.0,37.0
1388,1388,68.0,36.0
1389,1389,64.0,39.0
1390,1390,68.0,37.0
1391,1391,66.0,40.0
1392,1392,64.0,39.0
1393,1393,66.0,37.0
1394,1394,64.0,37.0
1395,1395,66.0,33.0
1396,1396,66.0,36.0
1397,1397,64.0,39.0
1398,1398,66.0,40.0
1399,1399,67.0,39.0
1400,1400,70.0,39.0
1401,1401,64.0,39.0
1402,1402,66.0,33.0
1403,1403,66.0,36.0
1404,1404,66.0,37.0
1405,1405,66.0,36.0
1406,1406,70.0,39.0
1407,1407,67.0,39.0
1408,1408,68.0,36.0
1409,1409,66.0,38.0
1410,1410,68.0,38.0
1411,1411,67.0,40.0
1412,1412,68.0,38.0
1413,1413,63.0,36.0
1414,1414,66.0,33.0
1415,1415,66.0,33.0
1416,1416,68.0,40.0
1417,1417,64.0,39.0
1418,1418,66.0,37.0
1419,1419,64.0,38.0
1420,1420,66.0,36.0
1421,1421,66.0,36.0
1422,1422,66.0,42.0
1423,1423,65.0,35.0
1424,1424,68.0,36.0
1425,1425,69.0,37.0
1426,1426,68.0,35.0
1427,1427,64.0,42.0
1428,1428,66.0,39.0
1429,1429,66.0,36.0
1430,1430,67.0,39.0
1431,1431,66.0,36.0
1432,1432,70.0,32.0
1433,1433,66.0,37.0
1434,1434,66.0,37.0
1435,1435,70.0,39.0
1436,1436,69.0,38.0
1437,1437,68.0,38.0
1438,1438,68.0,36.0
1439,1439,69.0,39.0
1440,1440,67.0,39.0
1441,1441,67.0,38.0
1442,1442,66.0,37.0
1443,1443,67.0,39.0
1444,1444,67.0,39.0
1445,1445,66.0,36.0
1446,1446,67.0,37.0
1447,1447,66.0,37.0
1448,1448,68.0,40.0
1449,1449,67.0,36.0
1450,1450,64.0,37.0
1451,1451,66.0,33.0
1452,1452,68.0,42.0
1453,1453,64.0,37.0
1454,1454,66.0,37.0
1455,1455,71.0,33.0
1456,1456,66.0,39.0
1457,1457,69.0,35.0
1458,1458,66.0,38.0
1459,1459,69.0,38.0
1460,1460,67.0,35.0
1461,1461,66.0,38.0
1462,1462,66.0,36.0
1463,1463,66.0,33.0
1464,1464,66.0,36.0
1465,1465,68.0,37.0
1466,1466,67.0,39.0
1467,1467,67.0,39.0
1468,1468,68.0,38.0
1469,1469,66.0,36.0
1470,1470,67.0,40.0
1471,1471,68.0,38.0
1472,1472,71.0,43.0
1473,1473,66.0,42.0
1474,1474,70.0,39.0
1475,1475,70.0,38.0
1476,1476,66.0,42.0
1477,1477,69.0,38.0
1478,1478,70.0,42.0
1479,1479,66.0,33.0
1480,1480,66.0,42.0
1481,1481,68.0,37.0
1482,1482,67.0,39.0
1483,1483,65.0,38.0
1484,1484,66.0,40.0
1485,1485,66.0,36.0
1486,1486,64.0,39.0
1487,1487,63.0,42.0
1488,1488,68.0,36.0
1489,1489,71.0,43.0
1490,1490,68.0,37.0
1491,1491,67.0,37.0
1492,1492,65.0,36.0
1493,1493,66.0,36.0
1494,1494,65.0,38.0
1495,1495,66.0,36.0
1496,1496,66.0,34.0
1497,1497,65.0,36.0
1498,1498,71.0,39.0
1499,1499,69.0,38.0
1500,1500,67.0,39.0
1501,1501,66.0,43.0
1502,1502,66.0,39.0
1503,1503,67.0,39.0
1504,1504,63.0,37.0
1505,1505,67.0,39.0
1506,1506,66.0,39.0
1507,1507,68.0,39.0
1508,1508,68.0,37.0
1509,1509,67.0,39.0
1510,1510,67.0,39.0
1511,1511,66.0,38.0
1512,1512,68.0,36.0
1513,1513,64.0,37.0
1514,1514,66.0,33.0
1515,1515,66.0,42.0
1516,1516,68.0,38.0
1517,1517,69.0,38.0
1518,1518,68.0,40.0
1519,1519,68.0,36.0
1520,1520,66.0,36.0
1521,1521,64.0,37.0
1522,1522,69.0,38.0
1523,1523,66.0,36.0
1524,1524,66.0,33.0
1525,1525,71.0,36.0
1526,1526,68.0,38.0
1527,1527,67.0,38.0
1528,1528,67.0,39.0
1529,1529,66.0,42.0
1530,1530,65.0,36.0
1531,1531,64.0,34.0
1532,1532,66.0,39.0
1533,1533,68.0,40.0
1534,1534,67.0,39.0
1535,1535,70.0,39.0
1536,1536,68.0,36.0
1537,1537,70.0,41.0
1538,1538,68.0,38.0
1539,1539,71.0,36.0
1540,1540,65.0,38.0
1541,1541,66.0,36.0
1542,1542,63.0,37.0
1543,1543,68.0,38.0
1544,1544,66.0,37.0
1545,1545,66.0,33.0
1546,1546,66.0,36.0
1547,1547,63.0,36.0
1548,1548,63.0,36.0
1549,1549,70.0,41.0
1550,1550,65.0,36.0
1551,1551,66.0,39.0
1552,1552,64.0,37.0
1553,1553,69.0,37.0
1554,1554,66.0,42.0
1555,1555,73.0,40.0
1556,1556,67.0,38.0
1557,1557,70.0,39.0
1558,1558,70.0,39.0
1559,1559,66.0,37.0
1560,1560,63.0,42.0
1561,1561,69.0,41.0
1562,1562,68.0,38.0
1563,1563,67.0,36.0
1564,1564,66.0,36.0
1565,1565,68.0,36.0
1566,1566,67.0,39.0
1567,1567,67.0,36.0
1568,1568,67.0,39.0
1569,1569,66.0,33.0
1570,1570,63.0,41.0
1571,1571,66.0,37.0
1572,1572,66.0,33.0
1573,1573,66.0,38.0
1574,1574,67.0,39.0
1575,1575,66.0,37.0
1576,1576,67.0,39.0
1577,1577,71.0,38.0
1578,1578,66.0,36.0
1579,1579,69.0,38.0
1580,1580,68.0,37.0
1581,1581,66.0,33.0
1582,1582,66.0,33.0
1583,1583,66.0,38.0
1584,1584,66.0,42.0
1585,1585,68.0,40.0
1586,1586,68.0,40.0
1587,1587,68.0,37.0
1588,1588,64.0,37.0
1589,1589,65.0,39.0
1590,1590,67.0,39.0
1591,1591,68.0,38.0
1592,1592,65.0,36.0
1593,1593,71.0,36.0
1594,1594,65.0,36.0
1595,1595,70.0,42.0
1596,1596,66.0,38.0
1597,1597,68.0,36.0
1598,1598,66.0,36.0
1599,1599,66.0,36.0
1600,1600,66.0,33.0
1601,1601,66.0,40.0
1602,1602,67.0,38.0
1603,1603,66.0,36.0
1604,1604,65.0,40.0
1605,1605,64.0,40.0
1606,1606,67.0,39.0
1607,1607,63.0,34.0
1608,1608,64.0,37.0
1609,1609,64.0,39.0
1610,1610,65.0,38.0
1611,1611,67.0,40.0
1612,1612,66.0,35.0
1613,1613,70.0,42.0
1614,1614,68.0,38.0
1615,1615,66.0,42.0
1616,1616,66.0,37.0
1617,1617,65.0,36.0
1618,1618,66.0,33.0
1619,1619,67.0,37.0
1620,1620,66.0,36.0
1621,1621,64.0,37.0
1622,1622,66.0,36.0
1623,1623,66.0,36.0
1624,1624,65.0,40.0
1625,1625,66.0,36.0
1626,1626,66.0,42.0
1627,1627,67.0,40.0
1628,1628,66.0,37.0
1629,1629,66.0,33.0
1630,1630,67.0,36.0
1631,1631,70.0,38.0
1632,1632,65.0,34.0
1633,1633,68.0,44.0
1634,1634,66.0,36.0
1635,1635,71.0,36.0
1636,1636,68.0,38.0
1637,1637,69.0,38.0
1638,1638,66.0,36.0
1639,1639,66.0,36.0
1640,1640,65.0,36.0
1641,1641,64.0,39.0
1642,1642,61.0,32.0
1643,1643,70.0,42.0
1644,1644,66.0,42.0
1645,1645,67.0,39.0
1646,1646,68.0,38.0
1647,1647,68.0,37.0
1648,1648,66.0,36.0
1649,1649,66.0,36.0
1650,1650,67.0,39.0
1651,1651,67.0,41.0
1652,1652,70.0,39.0
1653,1653,64.0,39.0
1654,1654,67.0,39.0
1655,1655,63.0,36.0
1656,1656,66.0,36.0
1657,1657,67.0,40.0
1658,1658,66.0,38.0
1659,1659,65.0,40.0
1660,1660,68.0,41.0
1661,1661,66.0,37.0
1662,1662,70.0,39.0
1663,1663,66.0,37.0
1664,1664,67.0,37.0
1665,1665,66.0,33.0
1666,1666,66.0,36.0
1667,1667,64.0,39.0
1668,1668,66.0,36.0
1669,1669,66.0,33.0
1670,1670,66.0,42.0
1671,1671,66.0,36.0
1672,1672,68.0,38.0
1673,1673,68.0,36.0
1674,1674,69.0,35.0
1675,1675,68.0,38.0
1676,1676,68.0,35.0
1677,1677,66.0,43.0
1678,1678,66.0,37.0
1679,1679,66.0,37.0
1680,1680,66.0,36.0
1681,1681,67.0,37.0
1682,1682,72.0,33.0
1683,1683,66.0,37.0
1684,1684,66.0,36.0
1685,1685,66.0,33.0
1686,1686,68.0,37.0
1687,1687,67.0,31.0
1688,1688,65.0,37.0
1689,1689,63.0,36.0
1690,1690,66.0,40.0
1691,1691,67.0,35.0
1692,1692,68.0,37.0
1693,1693,66.0,38.0
1694,1694,66.0,42.0
1695,1695,68.0,34.0
1696,1696,66.0,33.0
1697,1697,68.0,38.0
1698,1698,67.0,39.0
1699,1699,66.0,38.0
1700,1700,67.0,35.0
1701,1701,65.0,38.0
1702,1702,66.0,33.0
1703,1703,68.0,38.0
1704,1704,68.0,40.0
1705,1705,64.0,37.0
1706,1706,66.0,37.0
1707,1707,70.0,38.0
1708,1708,43.0,40.0
1709,1709,66.0,40.0
1710,1710,66.0,33.0
1711,1711,67.0,38.0
1712,1712,66.0,39.0
1713,1713,68.0,40.0
1714,1714,68.0,38.0
1715,1715,66.0,37.0
1716,1716,68.0,38.0
1717,1717,66.0,38.0
1718,1718,71.0,36.0
1719,1719,69.0,38.0
1720,1720,68.0,37.0
1721,1721,66.0,39.0
1722,1722,65.0,39.0
1723,1723,67.0,38.0
1724,1724,66.0,36.0
1725,1725,67.0,40.0
1726,1726,65.0,39.0
1727,1727,67.0,38.0
1728,1728,65.0,38.0
1729,1729,66.0,33.0
1730,1730,66.0,36.0
1731,1731,66.0,40.0
1732,1732,65.0,36.0
1733,1733,68.0,42.0
1734,1734,66.0,33.0
1735,1735,67.0,39.0
1736,1736,66.0,36.0
1737,1737,65.0,41.0
1738,1738,66.0,39.0
1739,1739,65.0,40.0
1740,1740,66.0,33.0
1741,1741,32.0,67.0
1742,1742,71.0,43.0
1743,1743,66.0,36.0
1744,1744,64.0,39.0
1745,1745,66.0,36.0
1746,1746,68.0,37.0
1747,1747,68.0,42.0
1748,1748,65.0,37.0
1749,1749,68.0,36.0
1750,1750,65.0,40.0
1751,1751,67.0,39.0
1752,1752,68.0,35.0
1753,1753,68.0,38.0
1754,1754,66.0,33.0
1755,1755,66.0,36.0
1756,1756,66.0,38.0
1757,1757,63.0,38.0
1758,1758,65.0,37.0
1759,1759,69.0,39.0
1760,1760,66.0,36.0
1761,1761,70.0,38.0
1762,1762,67.0,37.0
1763,1763,67.0,39.0
1764,1764,64.0,37.0
1765,1765,67.0,40.0
1766,1766,70.0,42.0
1767,1767,62.0,40.0
1768,1768,67.0,38.0
1769,1769,67.0,38.0
1770,1770,66.0,37.0
1771,1771,66.0,37.0
1772,1772,62.0,38.0
1773,1773,68.0,37.0
1774,1774,66.0,35.0
1775,1775,68.0,42.0
1776,1776,67.0,39.0
1777,1777,64.0,39.0
1778,1778,66.0,33.0
1779,1779,66.0,36.0
1780,1780,68.0,35.0
1781,1781,67.0,37.0
1782,1782,68.0,37.0
