,imageID,mouth_center_bottom_lip_x,mouth_center_bottom_lip_y
0,0,49.0,79.0
1,1,48.0,80.0
2,2,50.0,82.0
3,3,49.0,80.0
4,4,47.0,80.0
5,5,50.0,76.0
6,6,52.0,84.0
7,7,51.0,80.0
8,8,53.0,79.0
9,9,49.0,80.0
10,10,48.0,84.0
11,11,48.0,84.0
12,12,46.0,92.0
13,13,46.0,90.0
14,14,48.0,83.0
15,15,52.0,81.0
16,16,47.0,82.0
17,17,43.0,79.0
18,18,49.0,84.0
19,19,47.0,83.0
20,20,51.0,82.0
21,21,55.0,72.0
22,22,48.0,84.0
23,23,47.0,82.0
24,24,49.0,79.0
25,25,48.0,81.0
26,26,49.0,86.0
27,27,49.0,85.0
28,28,48.0,84.0
29,29,48.0,81.0
30,30,49.0,80.0
31,31,47.0,83.0
32,32,47.0,82.0
33,33,49.0,80.0
34,34,49.0,80.0
35,35,49.0,80.0
36,36,47.0,83.0
37,37,49.0,80.0
38,38,49.0,80.0
39,39,49.0,85.0
40,40,48.0,81.0
41,41,47.0,82.0
42,42,46.0,77.0
43,43,52.0,79.0
44,44,48.0,77.0
45,45,49.0,80.0
46,46,48.0,81.0
47,47,50.0,81.0
48,48,48.0,84.0
49,49,48.0,84.0
50,50,48.0,84.0
51,51,46.0,88.0
52,52,46.0,84.0
53,53,46.0,92.0
54,54,51.0,80.0
55,55,49.0,85.0
56,56,47.0,82.0
57,57,49.0,81.0
58,58,48.0,84.0
59,59,48.0,84.0
60,60,48.0,87.0
61,61,48.0,84.0
62,62,46.0,85.0
63,63,52.0,84.0
64,64,46.0,76.0
65,65,47.0,80.0
66,66,50.0,84.0
67,67,48.0,83.0
68,68,50.0,79.0
69,69,50.0,83.0
70,70,49.0,79.0
71,71,49.0,84.0
72,72,49.0,90.0
73,73,44.0,80.0
74,74,47.0,71.0
75,75,46.0,86.0
76,76,48.0,84.0
77,77,48.0,77.0
78,78,47.0,83.0
79,79,44.0,80.0
80,80,48.0,76.0
81,81,47.0,82.0
82,82,49.0,73.0
83,83,48.0,83.0
84,84,47.0,89.0
85,85,49.0,85.0
86,86,51.0,81.0
87,87,48.0,84.0
88,88,47.0,80.0
89,89,51.0,81.0
90,90,49.0,80.0
91,91,46.0,82.0
92,92,48.0,81.0
93,93,50.0,82.0
94,94,48.0,85.0
95,95,45.0,82.0
96,96,47.0,87.0
97,97,53.0,76.0
98,98,47.0,67.0
99,99,44.0,80.0
100,100,51.0,81.0
101,101,49.0,71.0
102,102,45.0,93.0
103,103,49.0,80.0
104,104,48.0,87.0
105,105,49.0,80.0
106,106,51.0,81.0
107,107,49.0,80.0
108,108,49.0,80.0
109,109,48.0,87.0
110,110,48.0,80.0
111,111,49.0,85.0
112,112,49.0,75.0
113,113,51.0,81.0
114,114,47.0,92.0
115,115,48.0,81.0
116,116,49.0,85.0
117,117,50.0,82.0
118,118,51.0,80.0
119,119,52.0,75.0
120,120,48.0,81.0
121,121,49.0,91.0
122,122,42.0,75.0
123,123,51.0,83.0
124,124,51.0,81.0
125,125,49.0,80.0
126,126,47.0,87.0
127,127,47.0,82.0
128,128,50.0,79.0
129,129,48.0,80.0
130,130,47.0,69.0
131,131,46.0,79.0
132,132,50.0,77.0
133,133,48.0,83.0
134,134,51.0,83.0
135,135,47.0,87.0
136,136,47.0,79.0
137,137,49.0,73.0
138,138,48.0,77.0
139,139,51.0,79.0
140,140,47.0,71.0
141,141,49.0,80.0
142,142,47.0,83.0
143,143,49.0,85.0
144,144,48.0,84.0
145,145,47.0,82.0
146,146,47.0,83.0
147,147,51.0,75.0
148,148,48.0,81.0
149,149,50.0,78.0
150,150,47.0,82.0
151,151,47.0,83.0
152,152,47.0,82.0
153,153,48.0,82.0
154,154,47.0,80.0
155,155,47.0,92.0
156,156,48.0,84.0
157,157,51.0,81.0
158,158,46.0,81.0
159,159,48.0,80.0
160,160,48.0,81.0
161,161,48.0,77.0
162,162,47.0,82.0
163,163,47.0,83.0
164,164,53.0,79.0
165,165,49.0,78.0
166,166,44.0,89.0
167,167,48.0,81.0
168,168,47.0,80.0
169,169,47.0,82.0
170,170,46.0,82.0
171,171,51.0,79.0
172,172,49.0,80.0
173,173,46.0,88.0
174,174,48.0,84.0
175,175,49.0,80.0
176,176,51.0,83.0
177,177,46.0,74.0
178,178,50.0,80.0
179,179,48.0,83.0
180,180,50.0,86.0
181,181,47.0,82.0
182,182,48.0,87.0
183,183,45.0,76.0
184,184,51.0,80.0
185,185,51.0,84.0
186,186,51.0,81.0
187,187,49.0,83.0
188,188,47.0,92.0
189,189,50.0,78.0
190,190,47.0,80.0
191,191,48.0,80.0
192,192,50.0,82.0
193,193,49.0,76.0
194,194,53.0,77.0
195,195,47.0,92.0
196,196,48.0,81.0
197,197,48.0,84.0
198,198,53.0,74.0
199,199,52.0,74.0
200,200,49.0,80.0
201,201,46.0,87.0
202,202,47.0,76.0
203,203,49.0,85.0
204,204,47.0,79.0
205,205,48.0,88.0
206,206,51.0,81.0
207,207,47.0,83.0
208,208,47.0,82.0
209,209,47.0,79.0
210,210,50.0,79.0
211,211,49.0,80.0
212,212,51.0,81.0
213,213,46.0,88.0
214,214,49.0,77.0
215,215,49.0,80.0
216,216,48.0,77.0
217,217,51.0,78.0
218,218,44.0,78.0
219,219,50.0,76.0
220,220,48.0,84.0
221,221,47.0,71.0
222,222,49.0,80.0
223,223,52.0,84.0
224,224,50.0,76.0
225,225,50.0,72.0
226,226,49.0,87.0
227,227,48.0,84.0
228,228,48.0,84.0
229,229,48.0,81.0
230,230,52.0,75.0
231,231,47.0,82.0
232,232,48.0,81.0
233,233,53.0,79.0
234,234,51.0,80.0
235,235,49.0,79.0
236,236,51.0,83.0
237,237,47.0,82.0
238,238,48.0,81.0
239,239,48.0,84.0
240,240,48.0,85.0
241,241,46.0,82.0
242,242,50.0,84.0
243,243,47.0,84.0
244,244,45.0,83.0
245,245,45.0,81.0
246,246,49.0,79.0
247,247,61.0,35.0
248,248,51.0,79.0
249,249,59.0,80.0
250,250,47.0,85.0
251,251,48.0,77.0
252,252,49.0,86.0
253,253,45.0,83.0
254,254,48.0,84.0
255,255,46.0,78.0
256,256,55.0,81.0
257,257,50.0,83.0
258,258,47.0,83.0
259,259,49.0,78.0
260,260,54.0,80.0
261,261,49.0,80.0
262,262,51.0,80.0
263,263,51.0,81.0
264,264,49.0,86.0
265,265,50.0,79.0
266,266,52.0,81.0
267,267,47.0,82.0
268,268,49.0,83.0
269,269,48.0,73.0
270,270,50.0,78.0
271,271,49.0,85.0
272,272,49.0,80.0
273,273,47.0,82.0
274,274,48.0,83.0
275,275,47.0,71.0
276,276,51.0,81.0
277,277,49.0,88.0
278,278,46.0,72.0
279,279,51.0,83.0
280,280,46.0,76.0
281,281,49.0,78.0
282,282,52.0,75.0
283,283,47.0,82.0
284,284,47.0,89.0
285,285,48.0,71.0
286,286,51.0,81.0
287,287,52.0,76.0
288,288,50.0,79.0
289,289,51.0,80.0
290,290,47.0,83.0
291,291,48.0,84.0
292,292,51.0,78.0
293,293,49.0,80.0
294,294,46.0,86.0
295,295,50.0,78.0
296,296,48.0,77.0
297,297,53.0,82.0
298,298,49.0,85.0
299,299,48.0,83.0
300,300,51.0,80.0
301,301,48.0,87.0
302,302,51.0,83.0
303,303,48.0,81.0
304,304,47.0,83.0
305,305,47.0,83.0
306,306,47.0,83.0
307,307,47.0,83.0
308,308,48.0,81.0
309,309,48.0,81.0
310,310,48.0,88.0
311,311,48.0,81.0
312,312,49.0,77.0
313,313,48.0,78.0
314,314,49.0,86.0
315,315,48.0,81.0
316,316,47.0,83.0
317,317,48.0,87.0
318,318,52.0,84.0
319,319,48.0,81.0
320,320,46.0,92.0
321,321,50.0,73.0
322,322,52.0,84.0
323,323,53.0,77.0
324,324,48.0,77.0
325,325,47.0,83.0
326,326,48.0,81.0
327,327,47.0,83.0
328,328,49.0,73.0
329,329,53.0,78.0
330,330,53.0,81.0
331,331,51.0,78.0
332,332,50.0,82.0
333,333,48.0,84.0
334,334,49.0,81.0
335,335,53.0,74.0
336,336,48.0,81.0
337,337,51.0,81.0
338,338,53.0,74.0
339,339,47.0,83.0
340,340,49.0,79.0
341,341,49.0,80.0
342,342,44.0,83.0
343,343,2.0,40.0
344,344,46.0,73.0
345,345,51.0,82.0
346,346,49.0,79.0
347,347,48.0,84.0
348,348,48.0,81.0
349,349,44.0,77.0
350,350,44.0,79.0
351,351,48.0,81.0
352,352,44.0,80.0
353,353,48.0,82.0
354,354,48.0,81.0
355,355,48.0,85.0
356,356,47.0,84.0
357,357,47.0,82.0
358,358,45.0,82.0
359,359,54.0,75.0
360,360,48.0,82.0
361,361,47.0,84.0
362,362,47.0,79.0
363,363,48.0,76.0
364,364,48.0,81.0
365,365,48.0,81.0
366,366,47.0,82.0
367,367,48.0,81.0
368,368,45.0,81.0
369,369,48.0,81.0
370,370,50.0,78.0
371,371,50.0,75.0
372,372,49.0,79.0
373,373,45.0,81.0
374,374,49.0,80.0
375,375,49.0,79.0
376,376,50.0,83.0
377,377,48.0,81.0
378,378,47.0,84.0
379,379,54.0,79.0
380,380,49.0,86.0
381,381,45.0,85.0
382,382,47.0,78.0
383,383,48.0,81.0
384,384,53.0,78.0
385,385,48.0,81.0
386,386,48.0,82.0
387,387,48.0,81.0
388,388,47.0,83.0
389,389,46.0,86.0
390,390,48.0,81.0
391,391,48.0,77.0
392,392,46.0,92.0
393,393,47.0,83.0
394,394,44.0,80.0
395,395,45.0,81.0
396,396,47.0,82.0
397,397,48.0,81.0
398,398,47.0,83.0
399,399,49.0,82.0
400,400,51.0,79.0
401,401,48.0,78.0
402,402,54.0,79.0
403,403,47.0,82.0
404,404,46.0,92.0
405,405,45.0,77.0
406,406,48.0,83.0
407,407,44.0,80.0
408,408,46.0,92.0
409,409,78.0,51.0
410,410,48.0,73.0
411,411,51.0,83.0
412,412,44.0,75.0
413,413,46.0,92.0
414,414,50.0,83.0
415,415,44.0,79.0
416,416,54.0,84.0
417,417,53.0,74.0
418,418,48.0,90.0
419,419,47.0,83.0
420,420,51.0,81.0
421,421,48.0,88.0
422,422,46.0,93.0
423,423,46.0,73.0
424,424,51.0,78.0
425,425,49.0,79.0
426,426,53.0,77.0
427,427,48.0,83.0
428,428,50.0,83.0
429,429,53.0,83.0
430,430,43.0,79.0
431,431,52.0,85.0
432,432,51.0,83.0
433,433,49.0,80.0
434,434,47.0,82.0
435,435,48.0,86.0
436,436,49.0,73.0
437,437,48.0,81.0
438,438,45.0,68.0
439,439,49.0,74.0
440,440,47.0,82.0
441,441,46.0,90.0
442,442,45.0,81.0
443,443,50.0,80.0
444,444,44.0,77.0
445,445,49.0,71.0
446,446,49.0,80.0
447,447,50.0,84.0
448,448,51.0,78.0
449,449,50.0,87.0
450,450,51.0,78.0
451,451,46.0,73.0
452,452,50.0,82.0
453,453,47.0,92.0
454,454,47.0,84.0
455,455,49.0,78.0
456,456,52.0,75.0
457,457,47.0,92.0
458,458,50.0,86.0
459,459,48.0,81.0
460,460,53.0,75.0
461,461,44.0,83.0
462,462,49.0,84.0
463,463,44.0,80.0
464,464,59.0,80.0
465,465,54.0,80.0
466,466,48.0,78.0
467,467,50.0,79.0
468,468,51.0,78.0
469,469,46.0,88.0
470,470,49.0,80.0
471,471,47.0,82.0
472,472,47.0,83.0
473,473,45.0,85.0
474,474,47.0,88.0
475,475,47.0,73.0
476,476,46.0,85.0
477,477,44.0,77.0
478,478,46.0,92.0
479,479,49.0,73.0
480,480,48.0,84.0
481,481,47.0,82.0
482,482,44.0,89.0
483,483,47.0,84.0
484,484,48.0,81.0
485,485,52.0,75.0
486,486,54.0,79.0
487,487,52.0,78.0
488,488,48.0,82.0
489,489,49.0,73.0
490,490,54.0,79.0
491,491,47.0,82.0
492,492,53.0,79.0
493,493,49.0,80.0
494,494,48.0,78.0
495,495,51.0,81.0
496,496,51.0,80.0
497,497,53.0,79.0
498,498,47.0,82.0
499,499,49.0,83.0
500,500,48.0,83.0
501,501,50.0,87.0
502,502,46.0,86.0
503,503,50.0,81.0
504,504,49.0,85.0
505,505,33.0,11.0
506,506,51.0,79.0
507,507,50.0,81.0
508,508,44.0,79.0
509,509,46.0,90.0
510,510,36.0,46.0
511,511,44.0,83.0
512,512,52.0,84.0
513,513,49.0,85.0
514,514,47.0,87.0
515,515,12.0,80.0
516,516,50.0,86.0
517,517,51.0,81.0
518,518,48.0,82.0
519,519,47.0,82.0
520,520,49.0,80.0
521,521,47.0,89.0
522,522,46.0,81.0
523,523,48.0,86.0
524,524,41.0,71.0
525,525,45.0,82.0
526,526,51.0,81.0
527,527,50.0,74.0
528,528,54.0,80.0
529,529,44.0,72.0
530,530,44.0,72.0
531,531,53.0,79.0
532,532,48.0,77.0
533,533,44.0,70.0
534,534,50.0,78.0
535,535,52.0,84.0
536,536,48.0,81.0
537,537,53.0,78.0
538,538,52.0,80.0
539,539,46.0,89.0
540,540,50.0,76.0
541,541,51.0,80.0
542,542,50.0,78.0
543,543,48.0,76.0
544,544,50.0,74.0
545,545,53.0,76.0
546,546,47.0,84.0
547,547,51.0,81.0
548,548,44.0,81.0
549,549,50.0,76.0
550,550,52.0,85.0
551,551,24.0,8.0
552,552,48.0,88.0
553,553,45.0,82.0
554,554,49.0,80.0
555,555,47.0,82.0
556,556,50.0,76.0
557,557,44.0,80.0
558,558,54.0,79.0
559,559,47.0,82.0
560,560,44.0,79.0
561,561,47.0,82.0
562,562,51.0,71.0
563,563,47.0,83.0
564,564,50.0,76.0
565,565,47.0,82.0
566,566,50.0,81.0
567,567,48.0,83.0
568,568,49.0,80.0
569,569,48.0,83.0
570,570,56.0,77.0
571,571,53.0,74.0
572,572,50.0,76.0
573,573,53.0,74.0
574,574,53.0,83.0
575,575,51.0,69.0
576,576,49.0,78.0
577,577,55.0,78.0
578,578,51.0,84.0
579,579,46.0,90.0
580,580,53.0,91.0
581,581,50.0,74.0
582,582,48.0,81.0
583,583,48.0,74.0
584,584,56.0,77.0
585,585,48.0,81.0
586,586,47.0,82.0
587,587,48.0,77.0
588,588,48.0,81.0
589,589,44.0,79.0
590,590,52.0,87.0
591,591,51.0,81.0
592,592,49.0,76.0
593,593,43.0,78.0
594,594,46.0,76.0
595,595,49.0,80.0
596,596,53.0,83.0
597,597,47.0,82.0
598,598,49.0,85.0
599,599,49.0,80.0
600,600,45.0,80.0
601,601,47.0,82.0
602,602,47.0,83.0
603,603,47.0,82.0
604,604,49.0,80.0
605,605,50.0,76.0
606,606,52.0,75.0
607,607,56.0,80.0
608,608,47.0,82.0
609,609,52.0,84.0
610,610,49.0,80.0
611,611,51.0,81.0
612,612,49.0,78.0
613,613,47.0,85.0
614,614,47.0,82.0
615,615,51.0,79.0
616,616,49.0,86.0
617,617,47.0,82.0
618,618,49.0,85.0
619,619,48.0,80.0
620,620,53.0,79.0
621,621,49.0,80.0
622,622,46.0,73.0
623,623,44.0,76.0
624,624,51.0,80.0
625,625,61.0,77.0
626,626,50.0,76.0
627,627,47.0,82.0
628,628,51.0,81.0
629,629,46.0,88.0
630,630,45.0,83.0
631,631,47.0,82.0
632,632,47.0,82.0
633,633,52.0,80.0
634,634,44.0,72.0
635,635,48.0,81.0
636,636,51.0,78.0
637,637,46.0,73.0
638,638,47.0,82.0
639,639,47.0,89.0
640,640,50.0,78.0
641,641,48.0,81.0
642,642,46.0,81.0
643,643,46.0,86.0
644,644,48.0,80.0
645,645,48.0,87.0
646,646,55.0,71.0
647,647,46.0,86.0
648,648,49.0,86.0
649,649,49.0,80.0
650,650,48.0,84.0
651,651,53.0,74.0
652,652,50.0,78.0
653,653,51.0,80.0
654,654,51.0,80.0
655,655,51.0,81.0
656,656,52.0,84.0
657,657,44.0,89.0
658,658,51.0,80.0
659,659,50.0,83.0
660,660,48.0,81.0
661,661,47.0,93.0
662,662,47.0,79.0
663,663,53.0,74.0
664,664,51.0,80.0
665,665,53.0,74.0
666,666,28.0,86.0
667,667,53.0,74.0
668,668,48.0,81.0
669,669,47.0,82.0
670,670,47.0,83.0
671,671,53.0,74.0
672,672,53.0,73.0
673,673,43.0,79.0
674,674,48.0,84.0
675,675,48.0,79.0
676,676,47.0,83.0
677,677,45.0,69.0
678,678,46.0,81.0
679,679,50.0,78.0
680,680,53.0,77.0
681,681,47.0,82.0
682,682,44.0,79.0
683,683,49.0,85.0
684,684,47.0,81.0
685,685,51.0,81.0
686,686,52.0,83.0
687,687,52.0,84.0
688,688,51.0,81.0
689,689,49.0,74.0
690,690,47.0,82.0
691,691,46.0,82.0
692,692,42.0,74.0
693,693,49.0,73.0
694,694,52.0,77.0
695,695,47.0,75.0
696,696,44.0,83.0
697,697,46.0,74.0
698,698,49.0,73.0
699,699,48.0,80.0
700,700,50.0,79.0
701,701,51.0,69.0
702,702,47.0,83.0
703,703,51.0,80.0
704,704,48.0,83.0
705,705,50.0,76.0
706,706,47.0,84.0
707,707,51.0,80.0
708,708,46.0,79.0
709,709,50.0,78.0
710,710,49.0,80.0
711,711,49.0,80.0
712,712,47.0,74.0
713,713,50.0,80.0
714,714,51.0,79.0
715,715,51.0,81.0
716,716,50.0,78.0
717,717,52.0,74.0
718,718,47.0,82.0
719,719,54.0,80.0
720,720,47.0,69.0
721,721,47.0,82.0
722,722,47.0,80.0
723,723,48.0,83.0
724,724,48.0,81.0
725,725,47.0,83.0
726,726,53.0,79.0
727,727,51.0,81.0
728,728,47.0,82.0
729,729,44.0,72.0
730,730,49.0,74.0
731,731,49.0,72.0
732,732,46.0,85.0
733,733,42.0,75.0
734,734,50.0,76.0
735,735,59.0,80.0
736,736,50.0,78.0
737,737,44.0,70.0
738,738,52.0,84.0
739,739,50.0,76.0
740,740,50.0,80.0
741,741,50.0,75.0
742,742,49.0,78.0
743,743,47.0,83.0
744,744,46.0,88.0
745,745,43.0,75.0
746,746,50.0,75.0
747,747,51.0,80.0
748,748,48.0,83.0
749,749,49.0,74.0
750,750,49.0,87.0
751,751,49.0,80.0
752,752,50.0,75.0
753,753,52.0,80.0
754,754,48.0,83.0
755,755,49.0,85.0
756,756,51.0,80.0
757,757,48.0,81.0
758,758,50.0,80.0
759,759,54.0,76.0
760,760,41.0,68.0
761,761,53.0,79.0
762,762,49.0,77.0
763,763,47.0,71.0
764,764,50.0,81.0
765,765,47.0,83.0
766,766,49.0,85.0
767,767,47.0,82.0
768,768,53.0,74.0
769,769,48.0,81.0
770,770,49.0,85.0
771,771,52.0,75.0
772,772,50.0,76.0
773,773,47.0,71.0
774,774,53.0,76.0
775,775,52.0,78.0
776,776,48.0,84.0
777,777,47.0,82.0
778,778,52.0,75.0
779,779,45.0,69.0
780,780,52.0,84.0
781,781,52.0,84.0
782,782,53.0,83.0
783,783,50.0,68.0
784,784,53.0,81.0
785,785,47.0,76.0
786,786,51.0,79.0
787,787,45.0,81.0
788,788,53.0,95.0
789,789,46.0,73.0
790,790,47.0,82.0
791,791,51.0,81.0
792,792,45.0,83.0
793,793,46.0,76.0
794,794,47.0,82.0
795,795,44.0,79.0
796,796,52.0,87.0
797,797,47.0,83.0
798,798,48.0,75.0
799,799,44.0,76.0
800,800,51.0,80.0
801,801,53.0,74.0
802,802,53.0,76.0
803,803,61.0,77.0
804,804,48.0,84.0
805,805,49.0,82.0
806,806,50.0,79.0
807,807,50.0,77.0
808,808,56.0,76.0
809,809,47.0,82.0
810,810,50.0,81.0
811,811,47.0,79.0
812,812,51.0,81.0
813,813,49.0,86.0
814,814,44.0,72.0
815,815,45.0,81.0
816,816,52.0,84.0
817,817,49.0,80.0
818,818,51.0,81.0
819,819,61.0,77.0
820,820,47.0,83.0
821,821,47.0,82.0
822,822,53.0,74.0
823,823,48.0,81.0
824,824,49.0,80.0
825,825,47.0,82.0
826,826,50.0,78.0
827,827,47.0,82.0
828,828,47.0,71.0
829,829,48.0,74.0
830,830,48.0,81.0
831,831,49.0,80.0
832,832,51.0,83.0
833,833,47.0,82.0
834,834,53.0,74.0
835,835,54.0,84.0
836,836,48.0,76.0
837,837,53.0,73.0
838,838,54.0,79.0
839,839,48.0,81.0
840,840,48.0,87.0
841,841,48.0,82.0
842,842,49.0,84.0
843,843,50.0,79.0
844,844,48.0,75.0
845,845,47.0,82.0
846,846,47.0,82.0
847,847,47.0,82.0
848,848,50.0,75.0
849,849,44.0,79.0
850,850,47.0,82.0
851,851,47.0,71.0
852,852,50.0,76.0
853,853,51.0,80.0
854,854,51.0,81.0
855,855,48.0,81.0
856,856,52.0,84.0
857,857,47.0,82.0
858,858,53.0,74.0
859,859,49.0,87.0
860,860,54.0,80.0
861,861,51.0,81.0
862,862,47.0,82.0
863,863,51.0,80.0
864,864,49.0,80.0
865,865,51.0,81.0
866,866,53.0,79.0
867,867,47.0,71.0
868,868,49.0,79.0
869,869,53.0,79.0
870,870,50.0,78.0
871,871,47.0,82.0
872,872,50.0,75.0
873,873,44.0,80.0
874,874,51.0,83.0
875,875,47.0,82.0
876,876,47.0,82.0
877,877,46.0,88.0
878,878,49.0,80.0
879,879,47.0,71.0
880,880,53.0,78.0
881,881,47.0,83.0
882,882,44.0,75.0
883,883,49.0,80.0
884,884,39.0,76.0
885,885,51.0,80.0
886,886,46.0,82.0
887,887,46.0,87.0
888,888,45.0,82.0
889,889,46.0,84.0
890,890,52.0,80.0
891,891,51.0,81.0
892,892,52.0,84.0
893,893,49.0,80.0
894,894,49.0,80.0
895,895,49.0,79.0
896,896,47.0,72.0
897,897,48.0,85.0
898,898,48.0,83.0
899,899,47.0,83.0
900,900,51.0,77.0
901,901,50.0,85.0
902,902,54.0,80.0
903,903,47.0,82.0
904,904,53.0,74.0
905,905,51.0,80.0
906,906,46.0,82.0
907,907,48.0,83.0
908,908,53.0,74.0
909,909,50.0,72.0
910,910,45.0,68.0
911,911,51.0,79.0
912,912,41.0,78.0
913,913,48.0,82.0
914,914,48.0,70.0
915,915,46.0,88.0
916,916,56.0,77.0
917,917,53.0,79.0
918,918,46.0,86.0
919,919,44.0,79.0
920,920,44.0,79.0
921,921,48.0,75.0
922,922,47.0,82.0
923,923,50.0,78.0
924,924,48.0,83.0
925,925,48.0,76.0
926,926,44.0,79.0
927,927,50.0,78.0
928,928,49.0,80.0
929,929,46.0,88.0
930,930,48.0,85.0
931,931,50.0,81.0
932,932,53.0,76.0
933,933,51.0,80.0
934,934,39.0,73.0
935,935,51.0,81.0
936,936,53.0,74.0
937,937,51.0,81.0
938,938,47.0,83.0
939,939,51.0,77.0
940,940,47.0,82.0
941,941,53.0,80.0
942,942,51.0,81.0
943,943,47.0,71.0
944,944,52.0,75.0
945,945,58.0,75.0
946,946,53.0,74.0
947,947,46.0,82.0
948,948,51.0,81.0
949,949,51.0,79.0
950,950,47.0,71.0
951,951,47.0,71.0
952,952,53.0,74.0
953,953,47.0,82.0
954,954,46.0,73.0
955,955,53.0,74.0
956,956,44.0,70.0
957,957,54.0,78.0
958,958,47.0,83.0
959,959,48.0,80.0
960,960,45.0,69.0
961,961,52.0,80.0
962,962,44.0,70.0
963,963,47.0,82.0
964,964,53.0,83.0
965,965,53.0,76.0
966,966,51.0,80.0
967,967,47.0,80.0
968,968,44.0,79.0
969,969,50.0,81.0
970,970,46.0,76.0
971,971,49.0,73.0
972,972,53.0,83.0
973,973,47.0,82.0
974,974,52.0,75.0
975,975,51.0,78.0
976,976,47.0,72.0
977,977,46.0,74.0
978,978,48.0,84.0
979,979,48.0,77.0
980,980,49.0,74.0
981,981,53.0,76.0
982,982,44.0,77.0
983,983,49.0,81.0
984,984,43.0,83.0
985,985,48.0,85.0
986,986,46.0,81.0
987,987,47.0,82.0
988,988,55.0,73.0
989,989,52.0,75.0
990,990,46.0,89.0
991,991,51.0,81.0
992,992,51.0,80.0
993,993,52.0,76.0
994,994,47.0,82.0
995,995,46.0,79.0
996,996,52.0,75.0
997,997,53.0,74.0
998,998,51.0,81.0
999,999,47.0,82.0
1000,1000,47.0,71.0
1001,1001,53.0,74.0
1002,1002,49.0,79.0
1003,1003,47.0,82.0
1004,1004,49.0,74.0
1005,1005,47.0,87.0
1006,1006,46.0,81.0
1007,1007,49.0,80.0
1008,1008,41.0,78.0
1009,1009,47.0,72.0
1010,1010,47.0,80.0
1011,1011,44.0,78.0
1012,1012,48.0,83.0
1013,1013,47.0,87.0
1014,1014,50.0,79.0
1015,1015,47.0,82.0
1016,1016,49.0,64.0
1017,1017,51.0,78.0
1018,1018,44.0,78.0
1019,1019,51.0,80.0
1020,1020,49.0,74.0
1021,1021,47.0,82.0
1022,1022,50.0,76.0
1023,1023,48.0,84.0
1024,1024,53.0,74.0
1025,1025,48.0,81.0
1026,1026,48.0,73.0
1027,1027,45.0,82.0
1028,1028,47.0,82.0
1029,1029,51.0,80.0
1030,1030,51.0,81.0
1031,1031,53.0,74.0
1032,1032,51.0,80.0
1033,1033,49.0,81.0
1034,1034,50.0,76.0
1035,1035,41.0,78.0
1036,1036,50.0,78.0
1037,1037,47.0,71.0
1038,1038,48.0,82.0
1039,1039,46.0,92.0
1040,1040,44.0,79.0
1041,1041,52.0,82.0
1042,1042,54.0,84.0
1043,1043,48.0,83.0
1044,1044,50.0,81.0
1045,1045,52.0,84.0
1046,1046,49.0,80.0
1047,1047,47.0,92.0
1048,1048,51.0,80.0
1049,1049,47.0,84.0
1050,1050,53.0,74.0
1051,1051,53.0,76.0
1052,1052,51.0,81.0
1053,1053,47.0,82.0
1054,1054,48.0,83.0
1055,1055,48.0,83.0
1056,1056,46.0,83.0
1057,1057,48.0,87.0
1058,1058,47.0,82.0
1059,1059,51.0,81.0
1060,1060,47.0,82.0
1061,1061,55.0,78.0
1062,1062,49.0,80.0
1063,1063,53.0,83.0
1064,1064,49.0,73.0
1065,1065,47.0,71.0
1066,1066,52.0,80.0
1067,1067,48.0,81.0
1068,1068,46.0,78.0
1069,1069,52.0,79.0
1070,1070,48.0,84.0
1071,1071,50.0,75.0
1072,1072,51.0,80.0
1073,1073,49.0,86.0
1074,1074,47.0,83.0
1075,1075,48.0,84.0
1076,1076,49.0,80.0
1077,1077,52.0,84.0
1078,1078,47.0,88.0
1079,1079,47.0,84.0
1080,1080,47.0,82.0
1081,1081,50.0,78.0
1082,1082,50.0,76.0
1083,1083,48.0,82.0
1084,1084,47.0,71.0
1085,1085,48.0,91.0
1086,1086,51.0,81.0
1087,1087,48.0,80.0
1088,1088,47.0,82.0
1089,1089,50.0,78.0
1090,1090,51.0,76.0
1091,1091,42.0,86.0
1092,1092,48.0,83.0
1093,1093,48.0,83.0
1094,1094,47.0,83.0
1095,1095,46.0,80.0
1096,1096,48.0,84.0
1097,1097,50.0,78.0
1098,1098,47.0,83.0
1099,1099,47.0,82.0
1100,1100,46.0,74.0
1101,1101,50.0,81.0
1102,1102,44.0,79.0
1103,1103,49.0,80.0
1104,1104,47.0,82.0
1105,1105,49.0,83.0
1106,1106,49.0,79.0
1107,1107,49.0,80.0
1108,1108,47.0,82.0
1109,1109,54.0,80.0
1110,1110,39.0,82.0
1111,1111,49.0,80.0
1112,1112,47.0,82.0
1113,1113,47.0,83.0
1114,1114,47.0,82.0
1115,1115,48.0,83.0
1116,1116,44.0,83.0
1117,1117,49.0,80.0
1118,1118,44.0,81.0
1119,1119,51.0,85.0
1120,1120,46.0,93.0
1121,1121,51.0,84.0
1122,1122,46.0,79.0
1123,1123,49.0,85.0
1124,1124,48.0,83.0
1125,1125,49.0,76.0
1126,1126,49.0,73.0
1127,1127,47.0,83.0
1128,1128,48.0,87.0
1129,1129,47.0,82.0
1130,1130,51.0,77.0
1131,1131,47.0,82.0
1132,1132,46.0,72.0
1133,1133,51.0,80.0
1134,1134,50.0,78.0
1135,1135,46.0,77.0
1136,1136,47.0,72.0
1137,1137,51.0,81.0
1138,1138,52.0,75.0
1139,1139,53.0,83.0
1140,1140,47.0,80.0
1141,1141,53.0,69.0
1142,1142,45.0,69.0
1143,1143,53.0,74.0
1144,1144,44.0,77.0
1145,1145,42.0,79.0
1146,1146,52.0,76.0
1147,1147,48.0,83.0
1148,1148,51.0,80.0
1149,1149,50.0,85.0
1150,1150,51.0,81.0
1151,1151,53.0,78.0
1152,1152,50.0,82.0
1153,1153,47.0,82.0
1154,1154,49.0,79.0
1155,1155,51.0,76.0
1156,1156,49.0,73.0
1157,1157,50.0,80.0
1158,1158,47.0,83.0
1159,1159,52.0,75.0
1160,1160,47.0,83.0
1161,1161,49.0,80.0
1162,1162,51.0,80.0
1163,1163,51.0,81.0
1164,1164,51.0,81.0
1165,1165,50.0,75.0
1166,1166,52.0,84.0
1167,1167,51.0,81.0
1168,1168,47.0,82.0
1169,1169,49.0,86.0
1170,1170,59.0,80.0
1171,1171,50.0,79.0
1172,1172,50.0,82.0
1173,1173,48.0,83.0
1174,1174,49.0,80.0
1175,1175,46.0,82.0
1176,1176,46.0,86.0
1177,1177,50.0,78.0
1178,1178,51.0,86.0
1179,1179,51.0,82.0
1180,1180,30.0,75.0
1181,1181,48.0,74.0
1182,1182,47.0,82.0
1183,1183,56.0,77.0
1184,1184,53.0,79.0
1185,1185,54.0,80.0
1186,1186,48.0,88.0
1187,1187,53.0,79.0
1188,1188,50.0,72.0
1189,1189,54.0,84.0
1190,1190,51.0,72.0
1191,1191,48.0,84.0
1192,1192,47.0,82.0
1193,1193,59.0,72.0
1194,1194,51.0,78.0
1195,1195,44.0,79.0
1196,1196,53.0,74.0
1197,1197,57.0,68.0
1198,1198,47.0,71.0
1199,1199,59.0,80.0
1200,1200,39.0,73.0
1201,1201,47.0,80.0
1202,1202,49.0,79.0
1203,1203,46.0,77.0
1204,1204,53.0,74.0
1205,1205,48.0,92.0
1206,1206,53.0,74.0
1207,1207,47.0,82.0
1208,1208,44.0,83.0
1209,1209,50.0,80.0
1210,1210,48.0,84.0
1211,1211,47.0,83.0
1212,1212,52.0,84.0
1213,1213,52.0,76.0
1214,1214,53.0,76.0
1215,1215,47.0,82.0
1216,1216,49.0,74.0
1217,1217,47.0,82.0
1218,1218,54.0,79.0
1219,1219,48.0,84.0
1220,1220,47.0,83.0
1221,1221,48.0,85.0
1222,1222,51.0,80.0
1223,1223,50.0,70.0
1224,1224,44.0,79.0
1225,1225,49.0,75.0
1226,1226,50.0,81.0
1227,1227,51.0,81.0
1228,1228,46.0,82.0
1229,1229,44.0,79.0
1230,1230,50.0,77.0
1231,1231,45.0,86.0
1232,1232,43.0,77.0
1233,1233,48.0,76.0
1234,1234,48.0,76.0
1235,1235,48.0,84.0
1236,1236,51.0,73.0
1237,1237,48.0,84.0
1238,1238,48.0,75.0
1239,1239,54.0,84.0
1240,1240,49.0,73.0
1241,1241,51.0,80.0
1242,1242,46.0,81.0
1243,1243,48.0,84.0
1244,1244,51.0,81.0
1245,1245,48.0,76.0
1246,1246,51.0,81.0
1247,1247,49.0,78.0
1248,1248,46.0,81.0
1249,1249,50.0,78.0
1250,1250,48.0,83.0
1251,1251,50.0,76.0
1252,1252,52.0,76.0
1253,1253,44.0,74.0
1254,1254,51.0,83.0
1255,1255,52.0,84.0
1256,1256,51.0,82.0
1257,1257,51.0,81.0
1258,1258,44.0,84.0
1259,1259,44.0,79.0
1260,1260,48.0,83.0
1261,1261,51.0,81.0
1262,1262,50.0,76.0
1263,1263,52.0,83.0
1264,1264,48.0,73.0
1265,1265,53.0,74.0
1266,1266,51.0,83.0
1267,1267,51.0,81.0
1268,1268,45.0,79.0
1269,1269,51.0,80.0
1270,1270,49.0,71.0
1271,1271,44.0,80.0
1272,1272,51.0,78.0
1273,1273,45.0,81.0
1274,1274,51.0,81.0
1275,1275,50.0,81.0
1276,1276,46.0,77.0
1277,1277,47.0,82.0
1278,1278,48.0,83.0
1279,1279,45.0,81.0
1280,1280,47.0,84.0
1281,1281,53.0,83.0
1282,1282,49.0,80.0
1283,1283,44.0,80.0
1284,1284,48.0,81.0
1285,1285,48.0,80.0
1286,1286,44.0,79.0
1287,1287,48.0,77.0
1288,1288,51.0,81.0
1289,1289,47.0,82.0
1290,1290,47.0,82.0
1291,1291,53.0,81.0
1292,1292,54.0,80.0
1293,1293,45.0,69.0
1294,1294,50.0,79.0
1295,1295,44.0,80.0
1296,1296,46.0,90.0
1297,1297,50.0,85.0
1298,1298,44.0,79.0
1299,1299,51.0,81.0
1300,1300,53.0,77.0
1301,1301,44.0,75.0
1302,1302,48.0,72.0
1303,1303,52.0,77.0
1304,1304,51.0,80.0
1305,1305,51.0,78.0
1306,1306,49.0,78.0
1307,1307,46.0,73.0
1308,1308,48.0,81.0
1309,1309,59.0,80.0
1310,1310,56.0,81.0
1311,1311,50.0,80.0
1312,1312,46.0,78.0
1313,1313,53.0,74.0
1314,1314,52.0,84.0
1315,1315,47.0,82.0
1316,1316,47.0,83.0
1317,1317,50.0,81.0
1318,1318,50.0,76.0
1319,1319,53.0,83.0
1320,1320,40.0,84.0
1321,1321,46.0,74.0
1322,1322,48.0,76.0
1323,1323,48.0,76.0
1324,1324,50.0,82.0
1325,1325,48.0,73.0
1326,1326,52.0,77.0
1327,1327,46.0,80.0
1328,1328,47.0,76.0
1329,1329,47.0,82.0
1330,1330,52.0,75.0
1331,1331,51.0,82.0
1332,1332,49.0,80.0
1333,1333,49.0,85.0
1334,1334,48.0,74.0
1335,1335,50.0,78.0
1336,1336,53.0,79.0
1337,1337,47.0,82.0
1338,1338,51.0,80.0
1339,1339,54.0,79.0
1340,1340,49.0,73.0
1341,1341,49.0,85.0
1342,1342,53.0,79.0
1343,1343,49.0,73.0
1344,1344,47.0,80.0
1345,1345,52.0,70.0
1346,1346,53.0,73.0
1347,1347,51.0,80.0
1348,1348,47.0,82.0
1349,1349,47.0,82.0
1350,1350,49.0,80.0
1351,1351,53.0,79.0
1352,1352,51.0,81.0
1353,1353,57.0,84.0
1354,1354,47.0,69.0
1355,1355,50.0,80.0
1356,1356,47.0,79.0
1357,1357,59.0,80.0
1358,1358,53.0,81.0
1359,1359,52.0,84.0
1360,1360,47.0,71.0
1361,1361,51.0,81.0
1362,1362,47.0,82.0
1363,1363,44.0,83.0
1364,1364,44.0,81.0
1365,1365,47.0,69.0
1366,1366,49.0,66.0
1367,1367,46.0,92.0
1368,1368,51.0,81.0
1369,1369,48.0,85.0
1370,1370,50.0,75.0
1371,1371,51.0,80.0
1372,1372,52.0,75.0
1373,1373,47.0,82.0
1374,1374,47.0,80.0
1375,1375,46.0,88.0
1376,1376,51.0,81.0
1377,1377,49.0,74.0
1378,1378,44.0,77.0
1379,1379,52.0,79.0
1380,1380,52.0,84.0
1381,1381,47.0,92.0
1382,1382,53.0,74.0
1383,1383,47.0,82.0
1384,1384,50.0,79.0
1385,1385,49.0,80.0
1386,1386,49.0,74.0
1387,1387,44.0,70.0
1388,1388,48.0,81.0
1389,1389,44.0,80.0
1390,1390,48.0,80.0
1391,1391,47.0,80.0
1392,1392,49.0,87.0
1393,1393,52.0,81.0
1394,1394,52.0,76.0
1395,1395,44.0,70.0
1396,1396,48.0,83.0
1397,1397,47.0,82.0
1398,1398,48.0,84.0
1399,1399,47.0,82.0
1400,1400,48.0,79.0
1401,1401,47.0,82.0
1402,1402,48.0,84.0
1403,1403,48.0,78.0
1404,1404,47.0,80.0
1405,1405,47.0,82.0
1406,1406,48.0,79.0
1407,1407,46.0,90.0
1408,1408,46.0,81.0
1409,1409,47.0,82.0
1410,1410,51.0,80.0
1411,1411,53.0,74.0
1412,1412,48.0,84.0
1413,1413,51.0,81.0
1414,1414,47.0,83.0
1415,1415,51.0,83.0
1416,1416,44.0,79.0
1417,1417,49.0,80.0
1418,1418,51.0,81.0
1419,1419,50.0,78.0
1420,1420,50.0,81.0
1421,1421,52.0,84.0
1422,1422,47.0,83.0
1423,1423,48.0,79.0
1424,1424,50.0,79.0
1425,1425,52.0,84.0
1426,1426,53.0,73.0
1427,1427,41.0,72.0
1428,1428,53.0,74.0
1429,1429,47.0,82.0
1430,1430,44.0,79.0
1431,1431,51.0,81.0
1432,1432,52.0,75.0
1433,1433,47.0,85.0
1434,1434,47.0,71.0
1435,1435,47.0,82.0
1436,1436,47.0,82.0
1437,1437,49.0,74.0
1438,1438,46.0,88.0
1439,1439,51.0,81.0
1440,1440,51.0,80.0
1441,1441,49.0,80.0
1442,1442,51.0,72.0
1443,1443,52.0,75.0
1444,1444,48.0,83.0
1445,1445,52.0,84.0
1446,1446,50.0,78.0
1447,1447,50.0,80.0
1448,1448,56.0,79.0
1449,1449,50.0,76.0
1450,1450,49.0,81.0
1451,1451,53.0,76.0
1452,1452,49.0,68.0
1453,1453,49.0,80.0
1454,1454,51.0,79.0
1455,1455,64.0,72.0
1456,1456,46.0,82.0
1457,1457,51.0,80.0
1458,1458,45.0,83.0
1459,1459,46.0,92.0
1460,1460,45.0,81.0
1461,1461,51.0,76.0
1462,1462,44.0,83.0
1463,1463,48.0,81.0
1464,1464,50.0,75.0
1465,1465,49.0,83.0
1466,1466,48.0,83.0
1467,1467,47.0,82.0
1468,1468,47.0,78.0
1469,1469,47.0,82.0
1470,1470,54.0,79.0
1471,1471,47.0,71.0
1472,1472,50.0,81.0
1473,1473,46.0,73.0
1474,1474,48.0,70.0
1475,1475,49.0,80.0
1476,1476,47.0,83.0
1477,1477,51.0,70.0
1478,1478,49.0,73.0
1479,1479,47.0,83.0
1480,1480,48.0,81.0
1481,1481,48.0,80.0
1482,1482,48.0,80.0
1483,1483,51.0,80.0
1484,1484,53.0,79.0
1485,1485,51.0,81.0
1486,1486,46.0,86.0
1487,1487,53.0,74.0
1488,1488,49.0,78.0
1489,1489,49.0,79.0
1490,1490,47.0,82.0
1491,1491,49.0,79.0
1492,1492,52.0,76.0
1493,1493,49.0,80.0
1494,1494,54.0,79.0
1495,1495,47.0,82.0
1496,1496,51.0,81.0
1497,1497,51.0,81.0
1498,1498,47.0,80.0
1499,1499,47.0,83.0
1500,1500,51.0,81.0
1501,1501,46.0,86.0
1502,1502,44.0,79.0
1503,1503,46.0,87.0
1504,1504,49.0,79.0
1505,1505,48.0,79.0
1506,1506,43.0,74.0
1507,1507,49.0,80.0
1508,1508,47.0,83.0
1509,1509,48.0,83.0
1510,1510,50.0,85.0
1511,1511,51.0,81.0
1512,1512,53.0,74.0
1513,1513,89.0,80.0
1514,1514,41.0,78.0
1515,1515,49.0,80.0
1516,1516,49.0,80.0
1517,1517,46.0,78.0
1518,1518,50.0,77.0
1519,1519,48.0,85.0
1520,1520,51.0,80.0
1521,1521,47.0,74.0
1522,1522,49.0,83.0
1523,1523,44.0,79.0
1524,1524,42.0,77.0
1525,1525,51.0,79.0
1526,1526,44.0,79.0
1527,1527,51.0,80.0
1528,1528,48.0,81.0
1529,1529,50.0,78.0
1530,1530,48.0,76.0
1531,1531,51.0,81.0
1532,1532,50.0,75.0
1533,1533,52.0,84.0
1534,1534,48.0,81.0
1535,1535,51.0,80.0
1536,1536,46.0,86.0
1537,1537,48.0,82.0
1538,1538,42.0,79.0
1539,1539,47.0,77.0
1540,1540,48.0,71.0
1541,1541,45.0,76.0
1542,1542,49.0,73.0
1543,1543,48.0,83.0
1544,1544,48.0,76.0
1545,1545,59.0,80.0
1546,1546,53.0,74.0
1547,1547,50.0,80.0
1548,1548,47.0,81.0
1549,1549,50.0,72.0
1550,1550,49.0,79.0
1551,1551,46.0,79.0
1552,1552,47.0,82.0
1553,1553,50.0,78.0
1554,1554,49.0,78.0
1555,1555,46.0,82.0
1556,1556,51.0,80.0
1557,1557,53.0,78.0
1558,1558,54.0,80.0
1559,1559,47.0,83.0
1560,1560,41.0,72.0
1561,1561,51.0,83.0
1562,1562,50.0,79.0
1563,1563,49.0,73.0
1564,1564,53.0,74.0
1565,1565,49.0,80.0
1566,1566,47.0,82.0
1567,1567,49.0,79.0
1568,1568,46.0,76.0
1569,1569,51.0,79.0
1570,1570,51.0,81.0
1571,1571,50.0,79.0
1572,1572,51.0,79.0
1573,1573,47.0,93.0
1574,1574,47.0,82.0
1575,1575,53.0,68.0
1576,1576,50.0,77.0
1577,1577,40.0,81.0
1578,1578,47.0,82.0
1579,1579,49.0,85.0
1580,1580,53.0,78.0
1581,1581,51.0,81.0
1582,1582,47.0,80.0
1583,1583,49.0,80.0
1584,1584,48.0,78.0
1585,1585,52.0,84.0
1586,1586,53.0,74.0
1587,1587,48.0,81.0
1588,1588,53.0,77.0
1589,1589,47.0,82.0
1590,1590,47.0,82.0
1591,1591,53.0,74.0
1592,1592,48.0,76.0
1593,1593,53.0,79.0
1594,1594,45.0,79.0
1595,1595,45.0,82.0
1596,1596,48.0,81.0
1597,1597,46.0,93.0
1598,1598,47.0,82.0
1599,1599,48.0,83.0
1600,1600,50.0,78.0
1601,1601,49.0,72.0
1602,1602,48.0,84.0
1603,1603,51.0,80.0
1604,1604,48.0,83.0
1605,1605,53.0,74.0
1606,1606,56.0,79.0
1607,1607,51.0,82.0
1608,1608,47.0,82.0
1609,1609,47.0,82.0
1610,1610,47.0,82.0
1611,1611,48.0,81.0
1612,1612,46.0,73.0
1613,1613,51.0,80.0
1614,1614,54.0,80.0
1615,1615,53.0,74.0
1616,1616,51.0,80.0
1617,1617,49.0,77.0
1618,1618,53.0,74.0
1619,1619,47.0,69.0
1620,1620,44.0,77.0
1621,1621,46.0,73.0
1622,1622,48.0,76.0
1623,1623,44.0,77.0
1624,1624,49.0,80.0
1625,1625,46.0,76.0
1626,1626,50.0,85.0
1627,1627,44.0,79.0
1628,1628,48.0,84.0
1629,1629,48.0,72.0
1630,1630,49.0,73.0
1631,1631,48.0,82.0
1632,1632,51.0,81.0
1633,1633,46.0,92.0
1634,1634,43.0,75.0
1635,1635,46.0,80.0
1636,1636,47.0,82.0
1637,1637,59.0,80.0
1638,1638,51.0,80.0
1639,1639,50.0,78.0
1640,1640,47.0,82.0
1641,1641,53.0,79.0
1642,1642,47.0,71.0
1643,1643,47.0,82.0
1644,1644,48.0,76.0
1645,1645,48.0,78.0
1646,1646,49.0,80.0
1647,1647,49.0,85.0
1648,1648,53.0,79.0
1649,1649,47.0,82.0
1650,1650,48.0,84.0
1651,1651,48.0,81.0
1652,1652,48.0,75.0
1653,1653,47.0,82.0
1654,1654,50.0,82.0
1655,1655,49.0,85.0
1656,1656,48.0,83.0
1657,1657,50.0,81.0
1658,1658,53.0,83.0
1659,1659,51.0,81.0
1660,1660,51.0,81.0
1661,1661,48.0,84.0
1662,1662,49.0,86.0
1663,1663,51.0,80.0
1664,1664,49.0,74.0
1665,1665,54.0,80.0
1666,1666,51.0,80.0
1667,1667,47.0,82.0
1668,1668,53.0,74.0
1669,1669,44.0,79.0
1670,1670,51.0,80.0
1671,1671,50.0,76.0
1672,1672,53.0,81.0
1673,1673,49.0,73.0
1674,1674,48.0,81.0
1675,1675,51.0,81.0
1676,1676,54.0,80.0
1677,1677,47.0,82.0
1678,1678,53.0,82.0
1679,1679,44.0,79.0
1680,1680,52.0,81.0
1681,1681,45.0,86.0
1682,1682,47.0,82.0
1683,1683,49.0,72.0
1684,1684,49.0,73.0
1685,1685,51.0,78.0
1686,1686,51.0,80.0
1687,1687,50.0,78.0
1688,1688,43.0,79.0
1689,1689,49.0,76.0
1690,1690,49.0,74.0
1691,1691,48.0,78.0
1692,1692,43.0,84.0
1693,1693,49.0,80.0
1694,1694,47.0,83.0
1695,1695,49.0,73.0
1696,1696,50.0,76.0
1697,1697,47.0,82.0
1698,1698,51.0,75.0
1699,1699,51.0,80.0
1700,1700,50.0,77.0
1701,1701,53.0,74.0
1702,1702,47.0,82.0
1703,1703,49.0,73.0
1704,1704,59.0,80.0
1705,1705,52.0,83.0
1706,1706,47.0,82.0
1707,1707,47.0,82.0
1708,1708,45.0,69.0
1709,1709,48.0,84.0
1710,1710,48.0,81.0
1711,1711,49.0,80.0
1712,1712,45.0,69.0
1713,1713,47.0,82.0
1714,1714,47.0,83.0
1715,1715,43.0,76.0
1716,1716,51.0,80.0
1717,1717,48.0,81.0
1718,1718,46.0,73.0
1719,1719,49.0,71.0
1720,1720,46.0,82.0
1721,1721,49.0,80.0
1722,1722,49.0,77.0
1723,1723,47.0,87.0
1724,1724,51.0,80.0
1725,1725,48.0,83.0
1726,1726,51.0,81.0
1727,1727,50.0,76.0
1728,1728,44.0,78.0
1729,1729,49.0,73.0
1730,1730,53.0,74.0
1731,1731,41.0,78.0
1732,1732,55.0,81.0
1733,1733,50.0,76.0
1734,1734,48.0,72.0
1735,1735,47.0,83.0
1736,1736,44.0,79.0
1737,1737,50.0,81.0
1738,1738,50.0,82.0
1739,1739,51.0,78.0
1740,1740,48.0,72.0
1741,1741,50.0,72.0
1742,1742,45.0,81.0
1743,1743,49.0,76.0
1744,1744,53.0,74.0
1745,1745,47.0,82.0
1746,1746,44.0,79.0
1747,1747,48.0,84.0
1748,1748,47.0,87.0
1749,1749,59.0,80.0
1750,1750,45.0,74.0
1751,1751,47.0,83.0
1752,1752,46.0,86.0
1753,1753,51.0,81.0
1754,1754,51.0,79.0
1755,1755,47.0,82.0
1756,1756,47.0,82.0
1757,1757,2.0,40.0
1758,1758,48.0,73.0
1759,1759,52.0,83.0
1760,1760,47.0,82.0
1761,1761,44.0,76.0
1762,1762,47.0,88.0
1763,1763,52.0,75.0
1764,1764,47.0,82.0
1765,1765,46.0,85.0
1766,1766,43.0,71.0
1767,1767,50.0,86.0
1768,1768,50.0,79.0
1769,1769,49.0,78.0
1770,1770,49.0,85.0
1771,1771,48.0,72.0
1772,1772,46.0,73.0
1773,1773,51.0,80.0
1774,1774,54.0,79.0
1775,1775,53.0,74.0
1776,1776,52.0,84.0
1777,1777,41.0,78.0
1778,1778,52.0,76.0
1779,1779,47.0,82.0
1780,1780,54.0,80.0
1781,1781,44.0,89.0
1782,1782,50.0,80.0
