,imageID,mouth_center_top_lip_x,mouth_center_top_lip_y
0,0,48.0,68.0
1,1,48.0,77.0
2,2,48.0,71.0
3,3,48.0,73.0
4,4,48.0,76.0
5,5,48.0,73.0
6,6,48.0,73.0
7,7,48.0,73.0
8,8,48.0,73.0
9,9,48.0,73.0
10,10,48.0,68.0
11,11,48.0,73.0
12,12,48.0,77.0
13,13,48.0,73.0
14,14,48.0,73.0
15,15,48.0,73.0
16,16,48.0,76.0
17,17,48.0,73.0
18,18,48.0,73.0
19,19,47.0,71.0
20,20,48.0,73.0
21,21,48.0,73.0
22,22,48.0,73.0
23,23,48.0,73.0
24,24,48.0,73.0
25,25,47.0,70.0
26,26,48.0,73.0
27,27,48.0,73.0
28,28,48.0,73.0
29,29,48.0,73.0
30,30,48.0,76.0
31,31,48.0,73.0
32,32,48.0,73.0
33,33,48.0,65.0
34,34,48.0,73.0
35,35,48.0,73.0
36,36,48.0,68.0
37,37,49.0,72.0
38,38,48.0,76.0
39,39,48.0,73.0
40,40,48.0,73.0
41,41,48.0,72.0
42,42,48.0,73.0
43,43,48.0,73.0
44,44,48.0,73.0
45,45,48.0,73.0
46,46,48.0,73.0
47,47,48.0,71.0
48,48,48.0,73.0
49,49,48.0,73.0
50,50,48.0,73.0
51,51,48.0,71.0
52,52,48.0,73.0
53,53,49.0,72.0
54,54,48.0,73.0
55,55,48.0,68.0
56,56,48.0,73.0
57,57,48.0,73.0
58,58,48.0,76.0
59,59,48.0,73.0
60,60,48.0,73.0
61,61,48.0,73.0
62,62,47.0,68.0
63,63,48.0,73.0
64,64,45.0,74.0
65,65,48.0,73.0
66,66,48.0,73.0
67,67,48.0,73.0
68,68,48.0,73.0
69,69,49.0,60.0
70,70,48.0,73.0
71,71,48.0,75.0
72,72,48.0,73.0
73,73,48.0,73.0
74,74,48.0,71.0
75,75,49.0,69.0
76,76,48.0,73.0
77,77,48.0,73.0
78,78,48.0,73.0
79,79,48.0,73.0
80,80,48.0,73.0
81,81,48.0,68.0
82,82,48.0,73.0
83,83,48.0,73.0
84,84,48.0,73.0
85,85,45.0,74.0
86,86,48.0,73.0
87,87,48.0,73.0
88,88,48.0,73.0
89,89,48.0,73.0
90,90,48.0,72.0
91,91,48.0,73.0
92,92,48.0,73.0
93,93,48.0,73.0
94,94,47.0,71.0
95,95,47.0,74.0
96,96,48.0,73.0
97,97,48.0,72.0
98,98,48.0,73.0
99,99,48.0,73.0
100,100,48.0,73.0
101,101,48.0,73.0
102,102,49.0,76.0
103,103,48.0,76.0
104,104,48.0,73.0
105,105,48.0,73.0
106,106,48.0,73.0
107,107,48.0,73.0
108,108,48.0,73.0
109,109,48.0,73.0
110,110,48.0,73.0
111,111,48.0,68.0
112,112,48.0,73.0
113,113,48.0,73.0
114,114,48.0,73.0
115,115,48.0,73.0
116,116,48.0,73.0
117,117,48.0,73.0
118,118,48.0,73.0
119,119,48.0,73.0
120,120,48.0,73.0
121,121,48.0,73.0
122,122,48.0,73.0
123,123,51.0,72.0
124,124,48.0,73.0
125,125,48.0,73.0
126,126,48.0,73.0
127,127,48.0,73.0
128,128,48.0,73.0
129,129,48.0,73.0
130,130,48.0,73.0
131,131,45.0,74.0
132,132,48.0,73.0
133,133,48.0,68.0
134,134,48.0,73.0
135,135,48.0,73.0
136,136,48.0,73.0
137,137,48.0,73.0
138,138,50.0,75.0
139,139,48.0,73.0
140,140,47.0,74.0
141,141,48.0,73.0
142,142,48.0,73.0
143,143,51.0,72.0
144,144,48.0,65.0
145,145,48.0,73.0
146,146,51.0,72.0
147,147,48.0,73.0
148,148,48.0,73.0
149,149,48.0,68.0
150,150,48.0,73.0
151,151,47.0,73.0
152,152,46.0,72.0
153,153,48.0,73.0
154,154,48.0,63.0
155,155,48.0,73.0
156,156,48.0,73.0
157,157,48.0,72.0
158,158,48.0,73.0
159,159,46.0,74.0
160,160,50.0,90.0
161,161,48.0,73.0
162,162,48.0,73.0
163,163,48.0,73.0
164,164,48.0,73.0
165,165,48.0,68.0
166,166,48.0,76.0
167,167,48.0,72.0
168,168,48.0,72.0
169,169,48.0,77.0
170,170,48.0,73.0
171,171,48.0,73.0
172,172,48.0,73.0
173,173,48.0,72.0
174,174,48.0,73.0
175,175,48.0,73.0
176,176,48.0,74.0
177,177,48.0,73.0
178,178,48.0,73.0
179,179,46.0,70.0
180,180,48.0,73.0
181,181,48.0,73.0
182,182,48.0,73.0
183,183,48.0,73.0
184,184,48.0,73.0
185,185,48.0,73.0
186,186,47.0,74.0
187,187,48.0,73.0
188,188,47.0,74.0
189,189,48.0,73.0
190,190,48.0,73.0
191,191,48.0,73.0
192,192,45.0,74.0
193,193,48.0,73.0
194,194,48.0,73.0
195,195,48.0,73.0
196,196,47.0,73.0
197,197,48.0,73.0
198,198,48.0,73.0
199,199,48.0,73.0
200,200,48.0,73.0
201,201,48.0,73.0
202,202,48.0,75.0
203,203,48.0,73.0
204,204,49.0,60.0
205,205,48.0,73.0
206,206,49.0,60.0
207,207,48.0,73.0
208,208,47.0,74.0
209,209,50.0,68.0
210,210,48.0,73.0
211,211,48.0,73.0
212,212,47.0,82.0
213,213,48.0,73.0
214,214,48.0,73.0
215,215,48.0,73.0
216,216,50.0,75.0
217,217,48.0,73.0
218,218,48.0,73.0
219,219,48.0,73.0
220,220,48.0,73.0
221,221,48.0,76.0
222,222,48.0,77.0
223,223,48.0,76.0
224,224,48.0,73.0
225,225,48.0,71.0
226,226,48.0,77.0
227,227,48.0,73.0
228,228,48.0,73.0
229,229,48.0,73.0
230,230,51.0,72.0
231,231,48.0,73.0
232,232,49.0,72.0
233,233,48.0,73.0
234,234,48.0,73.0
235,235,48.0,71.0
236,236,48.0,68.0
237,237,49.0,69.0
238,238,48.0,72.0
239,239,48.0,73.0
240,240,47.0,72.0
241,241,48.0,73.0
242,242,48.0,73.0
243,243,49.0,82.0
244,244,48.0,73.0
245,245,48.0,73.0
246,246,46.0,73.0
247,247,48.0,73.0
248,248,48.0,73.0
249,249,48.0,65.0
250,250,48.0,73.0
251,251,48.0,73.0
252,252,48.0,73.0
253,253,48.0,73.0
254,254,48.0,73.0
255,255,46.0,73.0
256,256,48.0,73.0
257,257,48.0,73.0
258,258,48.0,73.0
259,259,51.0,72.0
260,260,48.0,73.0
261,261,48.0,73.0
262,262,49.0,69.0
263,263,48.0,73.0
264,264,48.0,73.0
265,265,48.0,72.0
266,266,48.0,73.0
267,267,48.0,71.0
268,268,48.0,73.0
269,269,48.0,76.0
270,270,48.0,73.0
271,271,48.0,73.0
272,272,48.0,73.0
273,273,47.0,74.0
274,274,48.0,73.0
275,275,46.0,75.0
276,276,48.0,73.0
277,277,48.0,73.0
278,278,45.0,74.0
279,279,48.0,73.0
280,280,47.0,74.0
281,281,48.0,73.0
282,282,48.0,73.0
283,283,47.0,73.0
284,284,52.0,82.0
285,285,48.0,73.0
286,286,47.0,71.0
287,287,48.0,73.0
288,288,48.0,73.0
289,289,48.0,73.0
290,290,48.0,73.0
291,291,48.0,68.0
292,292,48.0,71.0
293,293,48.0,73.0
294,294,48.0,73.0
295,295,45.0,74.0
296,296,48.0,73.0
297,297,48.0,73.0
298,298,47.0,74.0
299,299,48.0,73.0
300,300,48.0,76.0
301,301,48.0,76.0
302,302,48.0,73.0
303,303,47.0,74.0
304,304,45.0,74.0
305,305,48.0,73.0
306,306,48.0,73.0
307,307,48.0,73.0
308,308,48.0,73.0
309,309,48.0,73.0
310,310,48.0,73.0
311,311,48.0,73.0
312,312,48.0,73.0
313,313,48.0,73.0
314,314,48.0,76.0
315,315,48.0,73.0
316,316,48.0,73.0
317,317,48.0,73.0
318,318,48.0,73.0
319,319,47.0,74.0
320,320,48.0,73.0
321,321,48.0,73.0
322,322,48.0,73.0
323,323,47.0,74.0
324,324,48.0,73.0
325,325,48.0,73.0
326,326,48.0,73.0
327,327,48.0,73.0
328,328,48.0,73.0
329,329,48.0,73.0
330,330,48.0,73.0
331,331,48.0,73.0
332,332,47.0,73.0
333,333,48.0,73.0
334,334,48.0,77.0
335,335,48.0,77.0
336,336,48.0,73.0
337,337,48.0,73.0
338,338,49.0,80.0
339,339,48.0,73.0
340,340,48.0,76.0
341,341,48.0,76.0
342,342,48.0,73.0
343,343,48.0,73.0
344,344,48.0,73.0
345,345,48.0,73.0
346,346,47.0,73.0
347,347,47.0,72.0
348,348,48.0,73.0
349,349,48.0,73.0
350,350,48.0,73.0
351,351,50.0,76.0
352,352,47.0,72.0
353,353,48.0,73.0
354,354,48.0,76.0
355,355,47.0,74.0
356,356,48.0,77.0
357,357,47.0,74.0
358,358,48.0,72.0
359,359,48.0,73.0
360,360,48.0,73.0
361,361,47.0,74.0
362,362,48.0,77.0
363,363,48.0,72.0
364,364,48.0,73.0
365,365,48.0,76.0
366,366,48.0,73.0
367,367,48.0,76.0
368,368,48.0,73.0
369,369,48.0,77.0
370,370,48.0,73.0
371,371,47.0,72.0
372,372,48.0,73.0
373,373,48.0,73.0
374,374,48.0,73.0
375,375,48.0,77.0
376,376,48.0,73.0
377,377,48.0,77.0
378,378,48.0,73.0
379,379,48.0,73.0
380,380,48.0,73.0
381,381,46.0,77.0
382,382,48.0,73.0
383,383,48.0,73.0
384,384,48.0,73.0
385,385,48.0,76.0
386,386,48.0,73.0
387,387,48.0,76.0
388,388,48.0,73.0
389,389,48.0,73.0
390,390,48.0,76.0
391,391,48.0,73.0
392,392,48.0,73.0
393,393,48.0,73.0
394,394,47.0,72.0
395,395,48.0,73.0
396,396,48.0,73.0
397,397,48.0,73.0
398,398,48.0,73.0
399,399,48.0,73.0
400,400,48.0,73.0
401,401,51.0,67.0
402,402,48.0,73.0
403,403,48.0,73.0
404,404,48.0,73.0
405,405,48.0,73.0
406,406,48.0,73.0
407,407,48.0,73.0
408,408,48.0,73.0
409,409,48.0,73.0
410,410,48.0,73.0
411,411,48.0,73.0
412,412,48.0,73.0
413,413,48.0,73.0
414,414,47.0,73.0
415,415,48.0,73.0
416,416,49.0,79.0
417,417,48.0,73.0
418,418,48.0,73.0
419,419,48.0,73.0
420,420,48.0,73.0
421,421,48.0,73.0
422,422,48.0,73.0
423,423,48.0,73.0
424,424,48.0,73.0
425,425,48.0,73.0
426,426,48.0,73.0
427,427,48.0,73.0
428,428,48.0,73.0
429,429,48.0,73.0
430,430,48.0,73.0
431,431,48.0,73.0
432,432,48.0,73.0
433,433,49.0,64.0
434,434,48.0,73.0
435,435,48.0,73.0
436,436,47.0,71.0
437,437,48.0,73.0
438,438,48.0,73.0
439,439,48.0,73.0
440,440,48.0,73.0
441,441,48.0,73.0
442,442,48.0,73.0
443,443,48.0,73.0
444,444,48.0,73.0
445,445,48.0,73.0
446,446,48.0,73.0
447,447,48.0,73.0
448,448,48.0,73.0
449,449,48.0,73.0
450,450,48.0,73.0
451,451,48.0,73.0
452,452,56.0,35.0
453,453,48.0,73.0
454,454,48.0,73.0
455,455,50.0,81.0
456,456,48.0,73.0
457,457,48.0,73.0
458,458,48.0,73.0
459,459,48.0,73.0
460,460,48.0,73.0
461,461,48.0,73.0
462,462,48.0,73.0
463,463,48.0,73.0
464,464,48.0,73.0
465,465,48.0,73.0
466,466,48.0,73.0
467,467,48.0,73.0
468,468,48.0,73.0
469,469,48.0,73.0
470,470,48.0,73.0
471,471,48.0,73.0
472,472,48.0,73.0
473,473,48.0,77.0
474,474,48.0,73.0
475,475,48.0,73.0
476,476,48.0,73.0
477,477,48.0,73.0
478,478,48.0,73.0
479,479,48.0,73.0
480,480,48.0,73.0
481,481,48.0,73.0
482,482,48.0,73.0
483,483,48.0,73.0
484,484,49.0,73.0
485,485,48.0,73.0
486,486,48.0,73.0
487,487,48.0,73.0
488,488,48.0,73.0
489,489,48.0,73.0
490,490,48.0,73.0
491,491,48.0,73.0
492,492,48.0,73.0
493,493,48.0,73.0
494,494,48.0,73.0
495,495,48.0,73.0
496,496,48.0,73.0
497,497,48.0,73.0
498,498,48.0,73.0
499,499,48.0,73.0
500,500,48.0,73.0
501,501,48.0,73.0
502,502,49.0,71.0
503,503,48.0,73.0
504,504,48.0,73.0
505,505,48.0,73.0
506,506,48.0,73.0
507,507,48.0,73.0
508,508,48.0,73.0
509,509,48.0,73.0
510,510,48.0,73.0
511,511,48.0,73.0
512,512,48.0,73.0
513,513,48.0,73.0
514,514,48.0,73.0
515,515,48.0,73.0
516,516,48.0,73.0
517,517,48.0,73.0
518,518,48.0,73.0
519,519,48.0,73.0
520,520,48.0,73.0
521,521,48.0,73.0
522,522,48.0,73.0
523,523,51.0,78.0
524,524,48.0,73.0
525,525,48.0,73.0
526,526,48.0,73.0
527,527,47.0,74.0
528,528,48.0,73.0
529,529,48.0,77.0
530,530,33.0,66.0
531,531,48.0,73.0
532,532,48.0,73.0
533,533,48.0,73.0
534,534,48.0,73.0
535,535,48.0,73.0
536,536,48.0,73.0
537,537,48.0,73.0
538,538,48.0,73.0
539,539,48.0,73.0
540,540,48.0,73.0
541,541,48.0,73.0
542,542,48.0,73.0
543,543,48.0,73.0
544,544,48.0,73.0
545,545,48.0,73.0
546,546,48.0,73.0
547,547,48.0,73.0
548,548,48.0,73.0
549,549,48.0,73.0
550,550,43.0,79.0
551,551,48.0,73.0
552,552,48.0,73.0
553,553,50.0,77.0
554,554,48.0,73.0
555,555,48.0,73.0
556,556,48.0,73.0
557,557,48.0,68.0
558,558,48.0,73.0
559,559,48.0,73.0
560,560,48.0,73.0
561,561,48.0,73.0
562,562,48.0,73.0
563,563,48.0,73.0
564,564,48.0,73.0
565,565,48.0,73.0
566,566,48.0,73.0
567,567,48.0,73.0
568,568,48.0,73.0
569,569,48.0,73.0
570,570,48.0,73.0
571,571,48.0,73.0
572,572,48.0,73.0
573,573,48.0,73.0
574,574,48.0,73.0
575,575,49.0,79.0
576,576,48.0,73.0
577,577,48.0,73.0
578,578,48.0,73.0
579,579,48.0,73.0
580,580,55.0,74.0
581,581,48.0,73.0
582,582,48.0,73.0
583,583,48.0,73.0
584,584,48.0,73.0
585,585,48.0,73.0
586,586,48.0,73.0
587,587,48.0,73.0
588,588,48.0,73.0
589,589,48.0,73.0
590,590,48.0,73.0
591,591,48.0,73.0
592,592,48.0,73.0
593,593,48.0,73.0
594,594,48.0,73.0
595,595,48.0,73.0
596,596,48.0,73.0
597,597,48.0,73.0
598,598,48.0,73.0
599,599,48.0,73.0
600,600,48.0,73.0
601,601,48.0,73.0
602,602,48.0,73.0
603,603,48.0,73.0
604,604,48.0,73.0
605,605,48.0,73.0
606,606,48.0,73.0
607,607,48.0,73.0
608,608,48.0,73.0
609,609,48.0,73.0
610,610,48.0,73.0
611,611,48.0,73.0
612,612,48.0,73.0
613,613,48.0,73.0
614,614,48.0,73.0
615,615,48.0,73.0
616,616,48.0,76.0
617,617,48.0,73.0
618,618,48.0,73.0
619,619,48.0,73.0
620,620,48.0,73.0
621,621,48.0,73.0
622,622,48.0,73.0
623,623,48.0,73.0
624,624,48.0,77.0
625,625,48.0,73.0
626,626,48.0,73.0
627,627,48.0,73.0
628,628,48.0,73.0
629,629,48.0,73.0
630,630,48.0,73.0
631,631,48.0,73.0
632,632,48.0,73.0
633,633,48.0,73.0
634,634,48.0,73.0
635,635,48.0,73.0
636,636,48.0,73.0
637,637,48.0,73.0
638,638,48.0,73.0
639,639,48.0,73.0
640,640,48.0,73.0
641,641,48.0,73.0
642,642,48.0,73.0
643,643,48.0,73.0
644,644,48.0,73.0
645,645,48.0,73.0
646,646,48.0,73.0
647,647,48.0,73.0
648,648,48.0,73.0
649,649,48.0,73.0
650,650,48.0,73.0
651,651,48.0,73.0
652,652,48.0,73.0
653,653,48.0,73.0
654,654,48.0,73.0
655,655,48.0,73.0
656,656,48.0,73.0
657,657,48.0,73.0
658,658,48.0,73.0
659,659,48.0,73.0
660,660,48.0,73.0
661,661,48.0,73.0
662,662,48.0,73.0
663,663,48.0,73.0
664,664,48.0,73.0
665,665,48.0,73.0
666,666,48.0,73.0
667,667,48.0,73.0
668,668,48.0,73.0
669,669,48.0,73.0
670,670,48.0,73.0
671,671,48.0,73.0
672,672,48.0,73.0
673,673,48.0,73.0
674,674,48.0,73.0
675,675,48.0,73.0
676,676,48.0,73.0
677,677,48.0,73.0
678,678,48.0,73.0
679,679,48.0,73.0
680,680,48.0,73.0
681,681,48.0,73.0
682,682,48.0,73.0
683,683,48.0,71.0
684,684,48.0,73.0
685,685,48.0,73.0
686,686,48.0,73.0
687,687,48.0,73.0
688,688,48.0,73.0
689,689,48.0,73.0
690,690,46.0,64.0
691,691,48.0,73.0
692,692,48.0,73.0
693,693,48.0,73.0
694,694,48.0,73.0
695,695,48.0,73.0
696,696,48.0,73.0
697,697,48.0,73.0
698,698,48.0,73.0
699,699,48.0,73.0
700,700,48.0,73.0
701,701,48.0,73.0
702,702,48.0,73.0
703,703,48.0,73.0
704,704,48.0,73.0
705,705,48.0,73.0
706,706,48.0,73.0
707,707,48.0,73.0
708,708,48.0,73.0
709,709,48.0,73.0
710,710,48.0,73.0
711,711,48.0,73.0
712,712,48.0,73.0
713,713,48.0,73.0
714,714,48.0,73.0
715,715,48.0,73.0
716,716,48.0,73.0
717,717,48.0,73.0
718,718,48.0,73.0
719,719,48.0,73.0
720,720,48.0,73.0
721,721,48.0,73.0
722,722,48.0,73.0
723,723,48.0,73.0
724,724,48.0,73.0
725,725,48.0,73.0
726,726,48.0,76.0
727,727,48.0,73.0
728,728,47.0,74.0
729,729,48.0,73.0
730,730,48.0,73.0
731,731,48.0,73.0
732,732,48.0,73.0
733,733,48.0,73.0
734,734,48.0,73.0
735,735,48.0,73.0
736,736,48.0,77.0
737,737,48.0,73.0
738,738,48.0,73.0
739,739,48.0,73.0
740,740,48.0,73.0
741,741,48.0,73.0
742,742,48.0,73.0
743,743,48.0,73.0
744,744,46.0,74.0
745,745,48.0,73.0
746,746,48.0,73.0
747,747,48.0,73.0
748,748,48.0,73.0
749,749,48.0,73.0
750,750,48.0,73.0
751,751,48.0,73.0
752,752,48.0,73.0
753,753,48.0,73.0
754,754,48.0,73.0
755,755,48.0,73.0
756,756,48.0,73.0
757,757,48.0,73.0
758,758,46.0,75.0
759,759,48.0,73.0
760,760,49.0,71.0
761,761,48.0,73.0
762,762,48.0,73.0
763,763,48.0,73.0
764,764,48.0,73.0
765,765,48.0,73.0
766,766,48.0,73.0
767,767,48.0,73.0
768,768,48.0,73.0
769,769,48.0,73.0
770,770,48.0,73.0
771,771,48.0,73.0
772,772,48.0,73.0
773,773,48.0,73.0
774,774,48.0,73.0
775,775,48.0,73.0
776,776,48.0,73.0
777,777,48.0,73.0
778,778,48.0,73.0
779,779,48.0,73.0
780,780,48.0,73.0
781,781,48.0,73.0
782,782,48.0,73.0
783,783,48.0,73.0
784,784,48.0,73.0
785,785,48.0,73.0
786,786,48.0,73.0
787,787,48.0,73.0
788,788,48.0,73.0
789,789,48.0,73.0
790,790,48.0,73.0
791,791,48.0,73.0
792,792,48.0,73.0
793,793,48.0,73.0
794,794,48.0,73.0
795,795,48.0,76.0
796,796,48.0,73.0
797,797,48.0,73.0
798,798,48.0,73.0
799,799,48.0,73.0
800,800,48.0,73.0
801,801,48.0,73.0
802,802,48.0,73.0
803,803,48.0,73.0
804,804,48.0,73.0
805,805,48.0,73.0
806,806,90.0,67.0
807,807,48.0,73.0
808,808,12.0,7.0
809,809,48.0,73.0
810,810,48.0,73.0
811,811,48.0,73.0
812,812,48.0,73.0
813,813,48.0,73.0
814,814,48.0,73.0
815,815,48.0,73.0
816,816,48.0,73.0
817,817,48.0,73.0
818,818,48.0,73.0
819,819,48.0,73.0
820,820,48.0,73.0
821,821,48.0,73.0
822,822,48.0,73.0
823,823,48.0,73.0
824,824,48.0,73.0
825,825,48.0,73.0
826,826,48.0,73.0
827,827,48.0,73.0
828,828,48.0,73.0
829,829,48.0,73.0
830,830,48.0,73.0
831,831,48.0,73.0
832,832,48.0,73.0
833,833,48.0,73.0
834,834,48.0,73.0
835,835,48.0,73.0
836,836,48.0,73.0
837,837,48.0,73.0
838,838,48.0,73.0
839,839,48.0,73.0
840,840,48.0,73.0
841,841,48.0,73.0
842,842,48.0,73.0
843,843,48.0,73.0
844,844,48.0,73.0
845,845,48.0,73.0
846,846,48.0,73.0
847,847,48.0,73.0
848,848,48.0,73.0
849,849,48.0,73.0
850,850,48.0,73.0
851,851,48.0,73.0
852,852,48.0,73.0
853,853,48.0,73.0
854,854,48.0,73.0
855,855,48.0,73.0
856,856,48.0,73.0
857,857,48.0,73.0
858,858,48.0,73.0
859,859,48.0,73.0
860,860,48.0,73.0
861,861,48.0,73.0
862,862,48.0,73.0
863,863,48.0,73.0
864,864,48.0,73.0
865,865,48.0,73.0
866,866,48.0,73.0
867,867,48.0,73.0
868,868,48.0,73.0
869,869,48.0,73.0
870,870,48.0,73.0
871,871,48.0,73.0
872,872,48.0,73.0
873,873,48.0,73.0
874,874,48.0,73.0
875,875,48.0,73.0
876,876,48.0,73.0
877,877,48.0,73.0
878,878,48.0,73.0
879,879,48.0,73.0
880,880,48.0,73.0
881,881,48.0,73.0
882,882,48.0,73.0
883,883,48.0,73.0
884,884,48.0,73.0
885,885,48.0,73.0
886,886,48.0,73.0
887,887,48.0,73.0
888,888,48.0,73.0
889,889,48.0,73.0
890,890,48.0,73.0
891,891,48.0,73.0
892,892,48.0,73.0
893,893,48.0,73.0
894,894,48.0,73.0
895,895,48.0,73.0
896,896,48.0,73.0
897,897,48.0,73.0
898,898,47.0,74.0
899,899,48.0,73.0
900,900,48.0,73.0
901,901,48.0,73.0
902,902,48.0,73.0
903,903,48.0,73.0
904,904,48.0,73.0
905,905,46.0,74.0
906,906,48.0,73.0
907,907,48.0,73.0
908,908,48.0,73.0
909,909,48.0,73.0
910,910,48.0,73.0
911,911,48.0,73.0
912,912,48.0,73.0
913,913,48.0,73.0
914,914,48.0,73.0
915,915,48.0,73.0
916,916,48.0,73.0
917,917,48.0,73.0
918,918,48.0,73.0
919,919,48.0,73.0
920,920,48.0,73.0
921,921,48.0,73.0
922,922,48.0,73.0
923,923,48.0,73.0
924,924,48.0,73.0
925,925,48.0,73.0
926,926,48.0,73.0
927,927,48.0,73.0
928,928,48.0,73.0
929,929,48.0,73.0
930,930,48.0,73.0
931,931,48.0,73.0
932,932,48.0,73.0
933,933,48.0,73.0
934,934,48.0,73.0
935,935,48.0,73.0
936,936,48.0,73.0
937,937,48.0,73.0
938,938,48.0,73.0
939,939,48.0,73.0
940,940,48.0,73.0
941,941,48.0,73.0
942,942,48.0,73.0
943,943,48.0,73.0
944,944,48.0,73.0
945,945,48.0,73.0
946,946,48.0,73.0
947,947,48.0,73.0
948,948,48.0,73.0
949,949,48.0,73.0
950,950,48.0,73.0
951,951,48.0,73.0
952,952,48.0,73.0
953,953,48.0,73.0
954,954,48.0,73.0
955,955,48.0,73.0
956,956,48.0,73.0
957,957,48.0,73.0
958,958,48.0,73.0
959,959,48.0,73.0
960,960,48.0,73.0
961,961,48.0,73.0
962,962,47.0,74.0
963,963,48.0,73.0
964,964,48.0,73.0
965,965,48.0,73.0
966,966,48.0,73.0
967,967,48.0,73.0
968,968,48.0,73.0
969,969,48.0,73.0
970,970,48.0,73.0
971,971,48.0,73.0
972,972,48.0,73.0
973,973,48.0,73.0
974,974,48.0,73.0
975,975,48.0,73.0
976,976,48.0,73.0
977,977,48.0,71.0
978,978,48.0,73.0
979,979,48.0,73.0
980,980,48.0,73.0
981,981,48.0,73.0
982,982,48.0,73.0
983,983,48.0,73.0
984,984,48.0,73.0
985,985,48.0,73.0
986,986,48.0,73.0
987,987,48.0,73.0
988,988,48.0,73.0
989,989,48.0,73.0
990,990,48.0,73.0
991,991,49.0,82.0
992,992,48.0,73.0
993,993,48.0,73.0
994,994,48.0,73.0
995,995,48.0,73.0
996,996,48.0,73.0
997,997,48.0,73.0
998,998,48.0,73.0
999,999,48.0,73.0
1000,1000,48.0,73.0
1001,1001,48.0,76.0
1002,1002,48.0,73.0
1003,1003,48.0,73.0
1004,1004,48.0,73.0
1005,1005,48.0,73.0
1006,1006,48.0,73.0
1007,1007,48.0,74.0
1008,1008,48.0,73.0
1009,1009,48.0,73.0
1010,1010,48.0,73.0
1011,1011,48.0,73.0
1012,1012,48.0,73.0
1013,1013,48.0,73.0
1014,1014,48.0,73.0
1015,1015,48.0,73.0
1016,1016,48.0,73.0
1017,1017,48.0,73.0
1018,1018,48.0,73.0
1019,1019,48.0,73.0
1020,1020,48.0,73.0
1021,1021,48.0,73.0
1022,1022,45.0,74.0
1023,1023,48.0,73.0
1024,1024,48.0,73.0
1025,1025,48.0,73.0
1026,1026,48.0,73.0
1027,1027,48.0,73.0
1028,1028,48.0,73.0
1029,1029,48.0,73.0
1030,1030,48.0,73.0
1031,1031,48.0,73.0
1032,1032,48.0,73.0
1033,1033,48.0,73.0
1034,1034,48.0,72.0
1035,1035,48.0,73.0
1036,1036,48.0,73.0
1037,1037,48.0,73.0
1038,1038,48.0,73.0
1039,1039,48.0,73.0
1040,1040,48.0,73.0
1041,1041,48.0,73.0
1042,1042,48.0,73.0
1043,1043,48.0,73.0
1044,1044,48.0,73.0
1045,1045,48.0,73.0
1046,1046,48.0,73.0
1047,1047,48.0,73.0
1048,1048,48.0,73.0
1049,1049,48.0,73.0
1050,1050,48.0,73.0
1051,1051,48.0,73.0
1052,1052,48.0,73.0
1053,1053,48.0,73.0
1054,1054,48.0,73.0
1055,1055,48.0,73.0
1056,1056,48.0,73.0
1057,1057,48.0,73.0
1058,1058,48.0,73.0
1059,1059,48.0,73.0
1060,1060,48.0,73.0
1061,1061,47.0,74.0
1062,1062,48.0,73.0
1063,1063,48.0,73.0
1064,1064,48.0,73.0
1065,1065,48.0,73.0
1066,1066,49.0,71.0
1067,1067,48.0,73.0
1068,1068,48.0,73.0
1069,1069,48.0,73.0
1070,1070,48.0,73.0
1071,1071,48.0,73.0
1072,1072,48.0,73.0
1073,1073,48.0,73.0
1074,1074,48.0,77.0
1075,1075,48.0,73.0
1076,1076,48.0,73.0
1077,1077,48.0,73.0
1078,1078,47.0,74.0
1079,1079,48.0,73.0
1080,1080,48.0,73.0
1081,1081,48.0,73.0
1082,1082,48.0,73.0
1083,1083,48.0,73.0
1084,1084,48.0,73.0
1085,1085,48.0,73.0
1086,1086,48.0,73.0
1087,1087,48.0,73.0
1088,1088,48.0,73.0
1089,1089,48.0,73.0
1090,1090,48.0,73.0
1091,1091,48.0,73.0
1092,1092,48.0,73.0
1093,1093,48.0,73.0
1094,1094,48.0,73.0
1095,1095,48.0,73.0
1096,1096,48.0,73.0
1097,1097,48.0,73.0
1098,1098,48.0,73.0
1099,1099,48.0,73.0
1100,1100,48.0,73.0
1101,1101,48.0,73.0
1102,1102,48.0,73.0
1103,1103,48.0,73.0
1104,1104,48.0,73.0
1105,1105,48.0,73.0
1106,1106,48.0,73.0
1107,1107,48.0,73.0
1108,1108,48.0,73.0
1109,1109,48.0,73.0
1110,1110,48.0,73.0
1111,1111,48.0,73.0
1112,1112,48.0,73.0
1113,1113,48.0,73.0
1114,1114,48.0,73.0
1115,1115,48.0,73.0
1116,1116,48.0,73.0
1117,1117,48.0,73.0
1118,1118,48.0,73.0
1119,1119,45.0,70.0
1120,1120,48.0,73.0
1121,1121,48.0,73.0
1122,1122,48.0,73.0
1123,1123,48.0,73.0
1124,1124,48.0,73.0
1125,1125,46.0,73.0
1126,1126,48.0,73.0
1127,1127,48.0,73.0
1128,1128,48.0,73.0
1129,1129,48.0,73.0
1130,1130,48.0,73.0
1131,1131,48.0,73.0
1132,1132,48.0,73.0
1133,1133,48.0,73.0
1134,1134,48.0,73.0
1135,1135,48.0,73.0
1136,1136,48.0,73.0
1137,1137,48.0,73.0
1138,1138,48.0,73.0
1139,1139,47.0,71.0
1140,1140,48.0,73.0
1141,1141,48.0,73.0
1142,1142,51.0,66.0
1143,1143,48.0,73.0
1144,1144,48.0,73.0
1145,1145,48.0,73.0
1146,1146,48.0,73.0
1147,1147,48.0,73.0
1148,1148,48.0,73.0
1149,1149,45.0,74.0
1150,1150,48.0,73.0
1151,1151,48.0,73.0
1152,1152,48.0,73.0
1153,1153,48.0,73.0
1154,1154,48.0,73.0
1155,1155,48.0,73.0
1156,1156,48.0,73.0
1157,1157,48.0,73.0
1158,1158,48.0,73.0
1159,1159,48.0,73.0
1160,1160,48.0,73.0
1161,1161,48.0,73.0
1162,1162,48.0,73.0
1163,1163,48.0,73.0
1164,1164,48.0,73.0
1165,1165,48.0,73.0
1166,1166,48.0,73.0
1167,1167,48.0,73.0
1168,1168,48.0,73.0
1169,1169,48.0,73.0
1170,1170,48.0,73.0
1171,1171,48.0,73.0
1172,1172,48.0,73.0
1173,1173,48.0,73.0
1174,1174,48.0,73.0
1175,1175,48.0,73.0
1176,1176,48.0,73.0
1177,1177,48.0,73.0
1178,1178,48.0,73.0
1179,1179,48.0,73.0
1180,1180,48.0,73.0
1181,1181,48.0,73.0
1182,1182,48.0,73.0
1183,1183,48.0,73.0
1184,1184,48.0,73.0
1185,1185,47.0,74.0
1186,1186,48.0,73.0
1187,1187,48.0,73.0
1188,1188,48.0,73.0
1189,1189,48.0,73.0
1190,1190,48.0,73.0
1191,1191,48.0,73.0
1192,1192,48.0,73.0
1193,1193,48.0,73.0
1194,1194,48.0,73.0
1195,1195,48.0,73.0
1196,1196,48.0,73.0
1197,1197,48.0,73.0
1198,1198,48.0,73.0
1199,1199,48.0,73.0
1200,1200,48.0,73.0
1201,1201,86.0,37.0
1202,1202,55.0,74.0
1203,1203,48.0,73.0
1204,1204,48.0,73.0
1205,1205,48.0,73.0
1206,1206,48.0,73.0
1207,1207,48.0,73.0
1208,1208,48.0,73.0
1209,1209,48.0,73.0
1210,1210,48.0,73.0
1211,1211,48.0,73.0
1212,1212,48.0,73.0
1213,1213,48.0,73.0
1214,1214,48.0,73.0
1215,1215,48.0,73.0
1216,1216,48.0,73.0
1217,1217,48.0,73.0
1218,1218,48.0,73.0
1219,1219,48.0,73.0
1220,1220,48.0,73.0
1221,1221,48.0,73.0
1222,1222,48.0,73.0
1223,1223,48.0,73.0
1224,1224,48.0,73.0
1225,1225,48.0,73.0
1226,1226,48.0,73.0
1227,1227,48.0,73.0
1228,1228,48.0,73.0
1229,1229,48.0,73.0
1230,1230,48.0,73.0
1231,1231,48.0,73.0
1232,1232,48.0,73.0
1233,1233,48.0,73.0
1234,1234,48.0,73.0
1235,1235,48.0,73.0
1236,1236,48.0,73.0
1237,1237,48.0,73.0
1238,1238,48.0,73.0
1239,1239,48.0,73.0
1240,1240,48.0,73.0
1241,1241,48.0,73.0
1242,1242,48.0,73.0
1243,1243,48.0,73.0
1244,1244,48.0,73.0
1245,1245,48.0,73.0
1246,1246,48.0,73.0
1247,1247,48.0,73.0
1248,1248,48.0,73.0
1249,1249,48.0,73.0
1250,1250,48.0,73.0
1251,1251,48.0,73.0
1252,1252,48.0,73.0
1253,1253,48.0,73.0
1254,1254,48.0,73.0
1255,1255,48.0,73.0
1256,1256,48.0,73.0
1257,1257,48.0,73.0
1258,1258,48.0,73.0
1259,1259,48.0,73.0
1260,1260,48.0,73.0
1261,1261,48.0,73.0
1262,1262,48.0,73.0
1263,1263,48.0,73.0
1264,1264,48.0,73.0
1265,1265,48.0,73.0
1266,1266,48.0,73.0
1267,1267,48.0,73.0
1268,1268,48.0,73.0
1269,1269,48.0,73.0
1270,1270,48.0,73.0
1271,1271,48.0,73.0
1272,1272,48.0,73.0
1273,1273,48.0,73.0
1274,1274,48.0,73.0
1275,1275,48.0,73.0
1276,1276,48.0,73.0
1277,1277,48.0,73.0
1278,1278,48.0,73.0
1279,1279,48.0,73.0
1280,1280,48.0,73.0
1281,1281,48.0,73.0
1282,1282,48.0,73.0
1283,1283,48.0,73.0
1284,1284,48.0,73.0
1285,1285,48.0,73.0
1286,1286,48.0,73.0
1287,1287,48.0,73.0
1288,1288,48.0,73.0
1289,1289,48.0,73.0
1290,1290,48.0,73.0
1291,1291,48.0,73.0
1292,1292,50.0,78.0
1293,1293,48.0,73.0
1294,1294,48.0,73.0
1295,1295,48.0,73.0
1296,1296,47.0,74.0
1297,1297,47.0,73.0
1298,1298,48.0,73.0
1299,1299,48.0,73.0
1300,1300,48.0,73.0
1301,1301,48.0,73.0
1302,1302,48.0,73.0
1303,1303,48.0,73.0
1304,1304,48.0,73.0
1305,1305,48.0,73.0
1306,1306,48.0,73.0
1307,1307,48.0,73.0
1308,1308,48.0,73.0
1309,1309,48.0,73.0
1310,1310,48.0,73.0
1311,1311,48.0,73.0
1312,1312,48.0,73.0
1313,1313,48.0,73.0
1314,1314,48.0,73.0
1315,1315,48.0,73.0
1316,1316,48.0,73.0
1317,1317,48.0,73.0
1318,1318,48.0,73.0
1319,1319,48.0,73.0
1320,1320,48.0,73.0
1321,1321,48.0,73.0
1322,1322,48.0,73.0
1323,1323,48.0,73.0
1324,1324,48.0,73.0
1325,1325,48.0,73.0
1326,1326,48.0,73.0
1327,1327,48.0,73.0
1328,1328,47.0,74.0
1329,1329,48.0,73.0
1330,1330,48.0,73.0
1331,1331,48.0,73.0
1332,1332,48.0,73.0
1333,1333,48.0,73.0
1334,1334,48.0,73.0
1335,1335,48.0,73.0
1336,1336,48.0,73.0
1337,1337,48.0,73.0
1338,1338,48.0,73.0
1339,1339,45.0,69.0
1340,1340,48.0,73.0
1341,1341,48.0,73.0
1342,1342,48.0,73.0
1343,1343,48.0,73.0
1344,1344,48.0,73.0
1345,1345,48.0,73.0
1346,1346,48.0,73.0
1347,1347,48.0,73.0
1348,1348,48.0,73.0
1349,1349,48.0,73.0
1350,1350,48.0,73.0
1351,1351,48.0,73.0
1352,1352,48.0,73.0
1353,1353,48.0,73.0
1354,1354,48.0,73.0
1355,1355,48.0,73.0
1356,1356,48.0,73.0
1357,1357,48.0,73.0
1358,1358,48.0,73.0
1359,1359,48.0,73.0
1360,1360,48.0,73.0
1361,1361,48.0,73.0
1362,1362,48.0,73.0
1363,1363,48.0,73.0
1364,1364,48.0,73.0
1365,1365,48.0,73.0
1366,1366,47.0,74.0
1367,1367,48.0,73.0
1368,1368,48.0,73.0
1369,1369,48.0,73.0
1370,1370,48.0,73.0
1371,1371,48.0,73.0
1372,1372,48.0,73.0
1373,1373,48.0,73.0
1374,1374,48.0,73.0
1375,1375,48.0,73.0
1376,1376,48.0,73.0
1377,1377,48.0,73.0
1378,1378,48.0,73.0
1379,1379,48.0,73.0
1380,1380,48.0,73.0
1381,1381,48.0,73.0
1382,1382,48.0,73.0
1383,1383,48.0,73.0
1384,1384,48.0,73.0
1385,1385,48.0,73.0
1386,1386,48.0,73.0
1387,1387,48.0,73.0
1388,1388,48.0,73.0
1389,1389,48.0,73.0
1390,1390,48.0,73.0
1391,1391,48.0,73.0
1392,1392,48.0,73.0
1393,1393,48.0,73.0
1394,1394,48.0,73.0
1395,1395,48.0,73.0
1396,1396,48.0,73.0
1397,1397,48.0,73.0
1398,1398,48.0,73.0
1399,1399,48.0,73.0
1400,1400,48.0,73.0
1401,1401,48.0,73.0
1402,1402,48.0,73.0
1403,1403,48.0,73.0
1404,1404,48.0,73.0
1405,1405,48.0,73.0
1406,1406,48.0,73.0
1407,1407,48.0,73.0
1408,1408,48.0,73.0
1409,1409,48.0,73.0
1410,1410,48.0,73.0
1411,1411,48.0,73.0
1412,1412,48.0,73.0
1413,1413,48.0,73.0
1414,1414,48.0,73.0
1415,1415,48.0,73.0
1416,1416,48.0,73.0
1417,1417,48.0,73.0
1418,1418,48.0,73.0
1419,1419,48.0,73.0
1420,1420,48.0,73.0
1421,1421,48.0,73.0
1422,1422,48.0,73.0
1423,1423,48.0,73.0
1424,1424,48.0,73.0
1425,1425,48.0,73.0
1426,1426,48.0,73.0
1427,1427,48.0,73.0
1428,1428,48.0,73.0
1429,1429,48.0,73.0
1430,1430,48.0,73.0
1431,1431,48.0,73.0
1432,1432,48.0,73.0
1433,1433,48.0,73.0
1434,1434,48.0,73.0
1435,1435,48.0,73.0
1436,1436,48.0,73.0
1437,1437,48.0,73.0
1438,1438,48.0,73.0
1439,1439,48.0,73.0
1440,1440,48.0,73.0
1441,1441,48.0,73.0
1442,1442,48.0,73.0
1443,1443,48.0,73.0
1444,1444,48.0,73.0
1445,1445,48.0,73.0
1446,1446,48.0,73.0
1447,1447,48.0,73.0
1448,1448,48.0,73.0
1449,1449,48.0,73.0
1450,1450,48.0,73.0
1451,1451,48.0,73.0
1452,1452,48.0,73.0
1453,1453,48.0,73.0
1454,1454,48.0,73.0
1455,1455,48.0,76.0
1456,1456,48.0,73.0
1457,1457,48.0,73.0
1458,1458,48.0,73.0
1459,1459,48.0,73.0
1460,1460,48.0,73.0
1461,1461,48.0,73.0
1462,1462,48.0,73.0
1463,1463,48.0,73.0
1464,1464,48.0,73.0
1465,1465,48.0,73.0
1466,1466,48.0,73.0
1467,1467,48.0,73.0
1468,1468,48.0,73.0
1469,1469,48.0,73.0
1470,1470,48.0,73.0
1471,1471,48.0,73.0
1472,1472,48.0,73.0
1473,1473,48.0,73.0
1474,1474,48.0,73.0
1475,1475,48.0,73.0
1476,1476,48.0,73.0
1477,1477,48.0,73.0
1478,1478,48.0,73.0
1479,1479,48.0,73.0
1480,1480,48.0,73.0
1481,1481,48.0,73.0
1482,1482,48.0,73.0
1483,1483,48.0,73.0
1484,1484,48.0,73.0
1485,1485,48.0,73.0
1486,1486,48.0,73.0
1487,1487,48.0,73.0
1488,1488,48.0,73.0
1489,1489,48.0,73.0
1490,1490,48.0,73.0
1491,1491,48.0,73.0
1492,1492,48.0,73.0
1493,1493,48.0,73.0
1494,1494,48.0,73.0
1495,1495,48.0,73.0
1496,1496,48.0,73.0
1497,1497,48.0,73.0
1498,1498,47.0,74.0
1499,1499,48.0,73.0
1500,1500,48.0,73.0
1501,1501,48.0,73.0
1502,1502,48.0,73.0
1503,1503,48.0,73.0
1504,1504,48.0,73.0
1505,1505,48.0,73.0
1506,1506,48.0,73.0
1507,1507,48.0,73.0
1508,1508,48.0,73.0
1509,1509,48.0,73.0
1510,1510,48.0,73.0
1511,1511,48.0,73.0
1512,1512,48.0,73.0
1513,1513,48.0,73.0
1514,1514,48.0,73.0
1515,1515,48.0,73.0
1516,1516,48.0,73.0
1517,1517,48.0,73.0
1518,1518,48.0,73.0
1519,1519,48.0,73.0
1520,1520,48.0,76.0
1521,1521,48.0,73.0
1522,1522,48.0,73.0
1523,1523,48.0,73.0
1524,1524,48.0,73.0
1525,1525,48.0,73.0
1526,1526,48.0,73.0
1527,1527,48.0,73.0
1528,1528,48.0,73.0
1529,1529,48.0,73.0
1530,1530,48.0,76.0
1531,1531,48.0,73.0
1532,1532,48.0,73.0
1533,1533,48.0,73.0
1534,1534,48.0,73.0
1535,1535,48.0,73.0
1536,1536,48.0,73.0
1537,1537,48.0,73.0
1538,1538,48.0,73.0
1539,1539,54.0,81.0
1540,1540,48.0,73.0
1541,1541,48.0,73.0
1542,1542,48.0,73.0
1543,1543,47.0,73.0
1544,1544,48.0,73.0
1545,1545,48.0,73.0
1546,1546,48.0,73.0
1547,1547,48.0,73.0
1548,1548,48.0,73.0
1549,1549,48.0,73.0
1550,1550,48.0,73.0
1551,1551,48.0,73.0
1552,1552,48.0,73.0
1553,1553,48.0,73.0
1554,1554,48.0,73.0
1555,1555,48.0,71.0
1556,1556,48.0,73.0
1557,1557,48.0,73.0
1558,1558,48.0,73.0
1559,1559,48.0,73.0
1560,1560,48.0,73.0
1561,1561,48.0,73.0
1562,1562,48.0,73.0
1563,1563,48.0,73.0
1564,1564,48.0,73.0
1565,1565,48.0,73.0
1566,1566,48.0,73.0
1567,1567,48.0,73.0
1568,1568,48.0,73.0
1569,1569,48.0,73.0
1570,1570,48.0,73.0
1571,1571,48.0,73.0
1572,1572,48.0,73.0
1573,1573,48.0,73.0
1574,1574,48.0,73.0
1575,1575,48.0,73.0
1576,1576,48.0,73.0
1577,1577,48.0,73.0
1578,1578,48.0,73.0
1579,1579,48.0,73.0
1580,1580,48.0,73.0
1581,1581,48.0,73.0
1582,1582,48.0,73.0
1583,1583,48.0,73.0
1584,1584,48.0,73.0
1585,1585,48.0,73.0
1586,1586,48.0,73.0
1587,1587,48.0,73.0
1588,1588,48.0,73.0
1589,1589,48.0,73.0
1590,1590,48.0,73.0
1591,1591,48.0,73.0
1592,1592,48.0,73.0
1593,1593,48.0,73.0
1594,1594,48.0,73.0
1595,1595,48.0,73.0
1596,1596,48.0,73.0
1597,1597,48.0,73.0
1598,1598,48.0,73.0
1599,1599,48.0,73.0
1600,1600,48.0,73.0
1601,1601,48.0,73.0
1602,1602,48.0,73.0
1603,1603,48.0,73.0
1604,1604,48.0,73.0
1605,1605,48.0,73.0
1606,1606,48.0,73.0
1607,1607,48.0,73.0
1608,1608,48.0,73.0
1609,1609,48.0,73.0
1610,1610,48.0,73.0
1611,1611,48.0,77.0
1612,1612,48.0,73.0
1613,1613,48.0,73.0
1614,1614,48.0,73.0
1615,1615,48.0,73.0
1616,1616,48.0,73.0
1617,1617,48.0,73.0
1618,1618,48.0,73.0
1619,1619,48.0,73.0
1620,1620,48.0,73.0
1621,1621,48.0,73.0
1622,1622,48.0,73.0
1623,1623,48.0,73.0
1624,1624,48.0,73.0
1625,1625,48.0,73.0
1626,1626,48.0,73.0
1627,1627,48.0,76.0
1628,1628,48.0,73.0
1629,1629,48.0,73.0
1630,1630,48.0,73.0
1631,1631,48.0,73.0
1632,1632,48.0,73.0
1633,1633,48.0,73.0
1634,1634,48.0,73.0
1635,1635,48.0,73.0
1636,1636,48.0,73.0
1637,1637,48.0,73.0
1638,1638,48.0,73.0
1639,1639,48.0,73.0
1640,1640,48.0,73.0
1641,1641,48.0,73.0
1642,1642,48.0,73.0
1643,1643,48.0,73.0
1644,1644,48.0,73.0
1645,1645,48.0,73.0
1646,1646,48.0,73.0
1647,1647,48.0,73.0
1648,1648,48.0,73.0
1649,1649,48.0,73.0
1650,1650,48.0,73.0
1651,1651,48.0,73.0
1652,1652,48.0,73.0
1653,1653,48.0,73.0
1654,1654,48.0,73.0
1655,1655,48.0,73.0
1656,1656,48.0,73.0
1657,1657,48.0,73.0
1658,1658,48.0,73.0
1659,1659,48.0,73.0
1660,1660,48.0,73.0
1661,1661,48.0,73.0
1662,1662,48.0,73.0
1663,1663,48.0,73.0
1664,1664,48.0,73.0
1665,1665,48.0,73.0
1666,1666,48.0,73.0
1667,1667,48.0,73.0
1668,1668,48.0,73.0
1669,1669,48.0,73.0
1670,1670,48.0,73.0
1671,1671,48.0,73.0
1672,1672,48.0,73.0
1673,1673,48.0,73.0
1674,1674,48.0,73.0
1675,1675,48.0,73.0
1676,1676,48.0,73.0
1677,1677,48.0,73.0
1678,1678,48.0,73.0
1679,1679,48.0,73.0
1680,1680,48.0,73.0
1681,1681,48.0,73.0
1682,1682,48.0,73.0
1683,1683,48.0,73.0
1684,1684,48.0,73.0
1685,1685,48.0,73.0
1686,1686,48.0,73.0
1687,1687,47.0,72.0
1688,1688,48.0,73.0
1689,1689,48.0,73.0
1690,1690,48.0,73.0
1691,1691,48.0,73.0
1692,1692,48.0,73.0
1693,1693,48.0,73.0
1694,1694,48.0,73.0
1695,1695,48.0,73.0
1696,1696,48.0,73.0
1697,1697,48.0,73.0
1698,1698,48.0,73.0
1699,1699,48.0,73.0
1700,1700,48.0,73.0
1701,1701,48.0,73.0
1702,1702,48.0,73.0
1703,1703,48.0,73.0
1704,1704,48.0,73.0
1705,1705,49.0,69.0
1706,1706,48.0,73.0
1707,1707,48.0,73.0
1708,1708,48.0,73.0
1709,1709,48.0,73.0
1710,1710,48.0,73.0
1711,1711,48.0,73.0
1712,1712,49.0,72.0
1713,1713,48.0,76.0
1714,1714,48.0,73.0
1715,1715,48.0,73.0
1716,1716,48.0,73.0
1717,1717,48.0,73.0
1718,1718,48.0,73.0
1719,1719,48.0,73.0
1720,1720,48.0,73.0
1721,1721,48.0,73.0
1722,1722,48.0,73.0
1723,1723,48.0,73.0
1724,1724,48.0,73.0
1725,1725,48.0,73.0
1726,1726,48.0,73.0
1727,1727,48.0,73.0
1728,1728,48.0,73.0
1729,1729,48.0,73.0
1730,1730,48.0,73.0
1731,1731,48.0,73.0
1732,1732,48.0,73.0
1733,1733,48.0,73.0
1734,1734,48.0,76.0
1735,1735,48.0,73.0
1736,1736,48.0,73.0
1737,1737,48.0,73.0
1738,1738,48.0,73.0
1739,1739,48.0,73.0
1740,1740,48.0,73.0
1741,1741,48.0,73.0
1742,1742,48.0,73.0
1743,1743,48.0,73.0
1744,1744,48.0,73.0
1745,1745,48.0,73.0
1746,1746,48.0,72.0
1747,1747,48.0,73.0
1748,1748,48.0,73.0
1749,1749,48.0,73.0
1750,1750,48.0,73.0
1751,1751,48.0,73.0
1752,1752,48.0,73.0
1753,1753,48.0,73.0
1754,1754,48.0,73.0
1755,1755,48.0,73.0
1756,1756,48.0,73.0
1757,1757,48.0,73.0
1758,1758,48.0,73.0
1759,1759,48.0,73.0
1760,1760,48.0,73.0
1761,1761,48.0,73.0
1762,1762,48.0,73.0
1763,1763,48.0,73.0
1764,1764,48.0,73.0
1765,1765,48.0,73.0
1766,1766,48.0,73.0
1767,1767,48.0,73.0
1768,1768,48.0,73.0
1769,1769,48.0,73.0
1770,1770,48.0,73.0
1771,1771,48.0,73.0
1772,1772,48.0,73.0
1773,1773,48.0,73.0
1774,1774,48.0,73.0
1775,1775,48.0,73.0
1776,1776,48.0,73.0
1777,1777,48.0,73.0
1778,1778,48.0,73.0
1779,1779,48.0,73.0
1780,1780,48.0,73.0
1781,1781,48.0,73.0
1782,1782,48.0,73.0
