,imageID,mouth_left_corner_x,mouth_left_corner_y
0,0,63.0,76.0
1,1,62.0,75.0
2,2,63.0,76.0
3,3,63.0,76.0
4,4,63.0,76.0
5,5,63.0,76.0
6,6,63.0,76.0
7,7,63.0,76.0
8,8,63.0,76.0
9,9,63.0,76.0
10,10,61.0,80.0
11,11,63.0,76.0
12,12,63.0,76.0
13,13,63.0,76.0
14,14,63.0,76.0
15,15,63.0,76.0
16,16,63.0,76.0
17,17,67.0,72.0
18,18,63.0,76.0
19,19,61.0,69.0
20,20,62.0,73.0
21,21,63.0,76.0
22,22,63.0,76.0
23,23,63.0,76.0
24,24,63.0,76.0
25,25,63.0,76.0
26,26,63.0,76.0
27,27,63.0,76.0
28,28,63.0,76.0
29,29,63.0,76.0
30,30,63.0,76.0
31,31,63.0,76.0
32,32,61.0,69.0
33,33,63.0,76.0
34,34,63.0,76.0
35,35,64.0,74.0
36,36,63.0,76.0
37,37,63.0,80.0
38,38,63.0,76.0
39,39,65.0,77.0
40,40,63.0,76.0
41,41,62.0,73.0
42,42,63.0,76.0
43,43,63.0,76.0
44,44,63.0,76.0
45,45,62.0,73.0
46,46,63.0,76.0
47,47,65.0,76.0
48,48,63.0,76.0
49,49,63.0,76.0
50,50,63.0,76.0
51,51,63.0,82.0
52,52,61.0,78.0
53,53,63.0,76.0
54,54,62.0,70.0
55,55,62.0,75.0
56,56,63.0,76.0
57,57,63.0,76.0
58,58,63.0,76.0
59,59,63.0,76.0
60,60,63.0,76.0
61,61,63.0,76.0
62,62,63.0,76.0
63,63,63.0,76.0
64,64,66.0,77.0
65,65,62.0,70.0
66,66,63.0,76.0
67,67,63.0,76.0
68,68,63.0,76.0
69,69,63.0,76.0
70,70,63.0,76.0
71,71,63.0,76.0
72,72,63.0,76.0
73,73,63.0,76.0
74,74,63.0,76.0
75,75,66.0,79.0
76,76,63.0,76.0
77,77,63.0,76.0
78,78,63.0,76.0
79,79,63.0,76.0
80,80,63.0,76.0
81,81,63.0,76.0
82,82,63.0,76.0
83,83,63.0,76.0
84,84,63.0,77.0
85,85,63.0,76.0
86,86,63.0,76.0
87,87,63.0,76.0
88,88,63.0,76.0
89,89,61.0,78.0
90,90,63.0,76.0
91,91,61.0,72.0
92,92,63.0,76.0
93,93,63.0,76.0
94,94,61.0,78.0
95,95,63.0,76.0
96,96,63.0,76.0
97,97,63.0,76.0
98,98,63.0,76.0
99,99,63.0,76.0
100,100,63.0,76.0
101,101,63.0,76.0
102,102,63.0,76.0
103,103,63.0,76.0
104,104,63.0,76.0
105,105,62.0,80.0
106,106,63.0,76.0
107,107,62.0,70.0
108,108,63.0,76.0
109,109,63.0,76.0
110,110,63.0,76.0
111,111,63.0,76.0
112,112,63.0,70.0
113,113,63.0,76.0
114,114,63.0,76.0
115,115,63.0,76.0
116,116,63.0,76.0
117,117,63.0,76.0
118,118,63.0,76.0
119,119,63.0,76.0
120,120,63.0,76.0
121,121,63.0,76.0
122,122,63.0,76.0
123,123,63.0,76.0
124,124,65.0,73.0
125,125,62.0,70.0
126,126,63.0,76.0
127,127,63.0,76.0
128,128,63.0,76.0
129,129,63.0,76.0
130,130,63.0,76.0
131,131,63.0,76.0
132,132,63.0,76.0
133,133,64.0,75.0
134,134,62.0,75.0
135,135,63.0,76.0
136,136,63.0,76.0
137,137,63.0,76.0
138,138,63.0,76.0
139,139,63.0,76.0
140,140,63.0,76.0
141,141,63.0,76.0
142,142,63.0,76.0
143,143,63.0,76.0
144,144,63.0,76.0
145,145,63.0,76.0
146,146,63.0,76.0
147,147,63.0,76.0
148,148,63.0,76.0
149,149,63.0,79.0
150,150,63.0,76.0
151,151,63.0,76.0
152,152,62.0,75.0
153,153,63.0,76.0
154,154,63.0,76.0
155,155,63.0,76.0
156,156,63.0,76.0
157,157,63.0,76.0
158,158,63.0,76.0
159,159,57.0,87.0
160,160,62.0,75.0
161,161,63.0,76.0
162,162,63.0,76.0
163,163,63.0,76.0
164,164,63.0,76.0
165,165,61.0,78.0
166,166,63.0,76.0
167,167,63.0,76.0
168,168,61.0,78.0
169,169,63.0,76.0
170,170,63.0,76.0
171,171,63.0,76.0
172,172,63.0,76.0
173,173,63.0,76.0
174,174,63.0,76.0
175,175,63.0,76.0
176,176,63.0,76.0
177,177,66.0,76.0
178,178,63.0,76.0
179,179,71.0,73.0
180,180,63.0,76.0
181,181,63.0,76.0
182,182,63.0,76.0
183,183,63.0,76.0
184,184,63.0,76.0
185,185,61.0,69.0
186,186,63.0,76.0
187,187,63.0,76.0
188,188,62.0,78.0
189,189,63.0,76.0
190,190,63.0,76.0
191,191,63.0,76.0
192,192,63.0,76.0
193,193,63.0,76.0
194,194,63.0,76.0
195,195,63.0,76.0
196,196,63.0,76.0
197,197,63.0,76.0
198,198,63.0,76.0
199,199,63.0,76.0
200,200,63.0,76.0
201,201,63.0,76.0
202,202,63.0,76.0
203,203,63.0,76.0
204,204,63.0,76.0
205,205,63.0,76.0
206,206,63.0,76.0
207,207,63.0,76.0
208,208,63.0,76.0
209,209,62.0,73.0
210,210,63.0,76.0
211,211,61.0,78.0
212,212,63.0,76.0
213,213,62.0,74.0
214,214,63.0,76.0
215,215,60.0,71.0
216,216,63.0,77.0
217,217,61.0,78.0
218,218,63.0,76.0
219,219,63.0,76.0
220,220,63.0,76.0
221,221,63.0,76.0
222,222,63.0,76.0
223,223,62.0,73.0
224,224,63.0,76.0
225,225,63.0,76.0
226,226,63.0,76.0
227,227,63.0,76.0
228,228,63.0,76.0
229,229,63.0,76.0
230,230,65.0,71.0
231,231,63.0,76.0
232,232,63.0,76.0
233,233,63.0,76.0
234,234,63.0,76.0
235,235,63.0,76.0
236,236,63.0,76.0
237,237,63.0,76.0
238,238,63.0,76.0
239,239,63.0,76.0
240,240,63.0,76.0
241,241,63.0,76.0
242,242,63.0,76.0
243,243,62.0,70.0
244,244,63.0,76.0
245,245,63.0,76.0
246,246,63.0,76.0
247,247,63.0,76.0
248,248,64.0,75.0
249,249,62.0,70.0
250,250,63.0,76.0
251,251,63.0,76.0
252,252,63.0,76.0
253,253,63.0,76.0
254,254,63.0,76.0
255,255,63.0,76.0
256,256,63.0,76.0
257,257,63.0,76.0
258,258,63.0,76.0
259,259,63.0,76.0
260,260,63.0,76.0
261,261,63.0,76.0
262,262,63.0,76.0
263,263,63.0,76.0
264,264,63.0,76.0
265,265,64.0,72.0
266,266,63.0,76.0
267,267,63.0,79.0
268,268,63.0,76.0
269,269,63.0,76.0
270,270,63.0,76.0
271,271,63.0,76.0
272,272,63.0,76.0
273,273,65.0,69.0
274,274,63.0,76.0
275,275,62.0,75.0
276,276,63.0,76.0
277,277,63.0,76.0
278,278,64.0,81.0
279,279,63.0,76.0
280,280,63.0,76.0
281,281,63.0,76.0
282,282,63.0,76.0
283,283,63.0,76.0
284,284,63.0,76.0
285,285,63.0,76.0
286,286,63.0,76.0
287,287,63.0,76.0
288,288,63.0,76.0
289,289,63.0,76.0
290,290,63.0,76.0
291,291,63.0,76.0
292,292,63.0,76.0
293,293,63.0,76.0
294,294,63.0,76.0
295,295,66.0,77.0
296,296,63.0,76.0
297,297,63.0,76.0
298,298,62.0,70.0
299,299,65.0,77.0
300,300,61.0,78.0
301,301,63.0,76.0
302,302,63.0,76.0
303,303,63.0,76.0
304,304,63.0,76.0
305,305,63.0,76.0
306,306,63.0,76.0
307,307,63.0,76.0
308,308,63.0,76.0
309,309,63.0,76.0
310,310,63.0,76.0
311,311,63.0,76.0
312,312,63.0,76.0
313,313,65.0,77.0
314,314,63.0,76.0
315,315,63.0,76.0
316,316,63.0,76.0
317,317,63.0,76.0
318,318,63.0,76.0
319,319,63.0,76.0
320,320,66.0,77.0
321,321,63.0,76.0
322,322,63.0,76.0
323,323,63.0,76.0
324,324,63.0,76.0
325,325,63.0,74.0
326,326,63.0,76.0
327,327,63.0,76.0
328,328,63.0,76.0
329,329,63.0,76.0
330,330,63.0,76.0
331,331,63.0,76.0
332,332,64.0,81.0
333,333,63.0,76.0
334,334,63.0,76.0
335,335,63.0,76.0
336,336,63.0,76.0
337,337,63.0,76.0
338,338,65.0,77.0
339,339,63.0,76.0
340,340,63.0,76.0
341,341,62.0,81.0
342,342,65.0,78.0
343,343,63.0,76.0
344,344,63.0,76.0
345,345,63.0,76.0
346,346,63.0,78.0
347,347,63.0,76.0
348,348,64.0,81.0
349,349,63.0,76.0
350,350,63.0,76.0
351,351,65.0,70.0
352,352,63.0,76.0
353,353,63.0,76.0
354,354,63.0,80.0
355,355,63.0,76.0
356,356,61.0,78.0
357,357,63.0,76.0
358,358,63.0,76.0
359,359,61.0,78.0
360,360,63.0,76.0
361,361,63.0,76.0
362,362,63.0,76.0
363,363,63.0,76.0
364,364,63.0,76.0
365,365,61.0,78.0
366,366,63.0,76.0
367,367,61.0,78.0
368,368,63.0,76.0
369,369,63.0,76.0
370,370,63.0,76.0
371,371,65.0,77.0
372,372,63.0,76.0
373,373,63.0,76.0
374,374,61.0,78.0
375,375,63.0,76.0
376,376,63.0,76.0
377,377,63.0,76.0
378,378,63.0,76.0
379,379,61.0,78.0
380,380,63.0,76.0
381,381,63.0,76.0
382,382,63.0,76.0
383,383,63.0,76.0
384,384,63.0,76.0
385,385,61.0,78.0
386,386,63.0,76.0
387,387,61.0,78.0
388,388,63.0,76.0
389,389,63.0,76.0
390,390,63.0,80.0
391,391,63.0,76.0
392,392,63.0,76.0
393,393,63.0,76.0
394,394,63.0,76.0
395,395,63.0,76.0
396,396,63.0,76.0
397,397,63.0,76.0
398,398,63.0,76.0
399,399,63.0,76.0
400,400,63.0,76.0
401,401,63.0,76.0
402,402,63.0,76.0
403,403,63.0,76.0
404,404,63.0,76.0
405,405,63.0,76.0
406,406,63.0,76.0
407,407,63.0,76.0
408,408,63.0,76.0
409,409,63.0,76.0
410,410,63.0,76.0
411,411,63.0,76.0
412,412,63.0,76.0
413,413,63.0,76.0
414,414,63.0,76.0
415,415,63.0,76.0
416,416,63.0,76.0
417,417,63.0,76.0
418,418,65.0,77.0
419,419,63.0,76.0
420,420,63.0,76.0
421,421,63.0,76.0
422,422,63.0,76.0
423,423,63.0,76.0
424,424,63.0,76.0
425,425,63.0,76.0
426,426,63.0,76.0
427,427,63.0,76.0
428,428,63.0,76.0
429,429,63.0,76.0
430,430,63.0,76.0
431,431,63.0,76.0
432,432,63.0,76.0
433,433,63.0,76.0
434,434,63.0,76.0
435,435,63.0,76.0
436,436,63.0,70.0
437,437,63.0,76.0
438,438,65.0,77.0
439,439,63.0,76.0
440,440,63.0,76.0
441,441,63.0,76.0
442,442,63.0,76.0
443,443,63.0,76.0
444,444,63.0,76.0
445,445,63.0,76.0
446,446,63.0,76.0
447,447,63.0,76.0
448,448,63.0,76.0
449,449,63.0,76.0
450,450,63.0,76.0
451,451,63.0,76.0
452,452,65.0,69.0
453,453,63.0,76.0
454,454,63.0,76.0
455,455,63.0,76.0
456,456,63.0,76.0
457,457,63.0,76.0
458,458,63.0,76.0
459,459,63.0,76.0
460,460,63.0,76.0
461,461,63.0,76.0
462,462,63.0,76.0
463,463,63.0,76.0
464,464,63.0,76.0
465,465,63.0,76.0
466,466,63.0,76.0
467,467,63.0,76.0
468,468,63.0,76.0
469,469,63.0,76.0
470,470,63.0,76.0
471,471,63.0,76.0
472,472,63.0,76.0
473,473,63.0,76.0
474,474,63.0,76.0
475,475,63.0,76.0
476,476,63.0,76.0
477,477,63.0,76.0
478,478,63.0,76.0
479,479,63.0,76.0
480,480,63.0,76.0
481,481,63.0,76.0
482,482,63.0,76.0
483,483,63.0,76.0
484,484,63.0,76.0
485,485,63.0,76.0
486,486,63.0,76.0
487,487,63.0,76.0
488,488,63.0,76.0
489,489,63.0,76.0
490,490,63.0,76.0
491,491,63.0,76.0
492,492,63.0,76.0
493,493,66.0,77.0
494,494,63.0,76.0
495,495,63.0,76.0
496,496,63.0,76.0
497,497,63.0,76.0
498,498,63.0,76.0
499,499,63.0,76.0
500,500,63.0,76.0
501,501,63.0,76.0
502,502,63.0,76.0
503,503,63.0,76.0
504,504,63.0,76.0
505,505,63.0,76.0
506,506,63.0,76.0
507,507,63.0,76.0
508,508,63.0,76.0
509,509,63.0,76.0
510,510,63.0,76.0
511,511,63.0,76.0
512,512,63.0,76.0
513,513,63.0,76.0
514,514,63.0,76.0
515,515,63.0,76.0
516,516,63.0,76.0
517,517,63.0,76.0
518,518,63.0,76.0
519,519,63.0,76.0
520,520,63.0,76.0
521,521,63.0,76.0
522,522,63.0,76.0
523,523,63.0,76.0
524,524,63.0,76.0
525,525,63.0,76.0
526,526,63.0,76.0
527,527,69.0,71.0
528,528,63.0,76.0
529,529,63.0,76.0
530,530,63.0,76.0
531,531,63.0,76.0
532,532,63.0,76.0
533,533,63.0,76.0
534,534,63.0,76.0
535,535,63.0,76.0
536,536,63.0,76.0
537,537,63.0,76.0
538,538,63.0,76.0
539,539,63.0,76.0
540,540,63.0,76.0
541,541,63.0,76.0
542,542,63.0,76.0
543,543,63.0,76.0
544,544,63.0,76.0
545,545,63.0,76.0
546,546,63.0,76.0
547,547,63.0,76.0
548,548,63.0,76.0
549,549,63.0,76.0
550,550,63.0,76.0
551,551,63.0,76.0
552,552,63.0,76.0
553,553,63.0,76.0
554,554,63.0,76.0
555,555,63.0,76.0
556,556,63.0,76.0
557,557,63.0,76.0
558,558,63.0,76.0
559,559,63.0,76.0
560,560,63.0,76.0
561,561,63.0,76.0
562,562,63.0,76.0
563,563,63.0,76.0
564,564,63.0,76.0
565,565,63.0,76.0
566,566,63.0,76.0
567,567,63.0,76.0
568,568,63.0,76.0
569,569,63.0,76.0
570,570,63.0,76.0
571,571,63.0,76.0
572,572,63.0,76.0
573,573,63.0,76.0
574,574,63.0,76.0
575,575,66.0,77.0
576,576,63.0,76.0
577,577,63.0,76.0
578,578,63.0,76.0
579,579,63.0,76.0
580,580,63.0,76.0
581,581,63.0,76.0
582,582,63.0,76.0
583,583,63.0,76.0
584,584,63.0,76.0
585,585,63.0,76.0
586,586,63.0,76.0
587,587,63.0,76.0
588,588,63.0,76.0
589,589,63.0,76.0
590,590,63.0,76.0
591,591,63.0,76.0
592,592,63.0,76.0
593,593,63.0,76.0
594,594,63.0,76.0
595,595,63.0,76.0
596,596,63.0,76.0
597,597,63.0,76.0
598,598,63.0,76.0
599,599,63.0,76.0
600,600,63.0,76.0
601,601,63.0,76.0
602,602,63.0,76.0
603,603,63.0,76.0
604,604,63.0,76.0
605,605,63.0,76.0
606,606,63.0,76.0
607,607,63.0,76.0
608,608,63.0,76.0
609,609,63.0,76.0
610,610,63.0,76.0
611,611,63.0,76.0
612,612,63.0,76.0
613,613,63.0,76.0
614,614,63.0,76.0
615,615,63.0,76.0
616,616,63.0,76.0
617,617,63.0,76.0
618,618,63.0,76.0
619,619,63.0,76.0
620,620,63.0,76.0
621,621,63.0,76.0
622,622,63.0,76.0
623,623,63.0,76.0
624,624,63.0,76.0
625,625,63.0,76.0
626,626,63.0,76.0
627,627,63.0,76.0
628,628,63.0,76.0
629,629,63.0,76.0
630,630,63.0,76.0
631,631,63.0,76.0
632,632,63.0,76.0
633,633,63.0,76.0
634,634,63.0,76.0
635,635,63.0,76.0
636,636,63.0,76.0
637,637,63.0,76.0
638,638,63.0,76.0
639,639,63.0,76.0
640,640,63.0,76.0
641,641,63.0,76.0
642,642,63.0,76.0
643,643,63.0,76.0
644,644,63.0,76.0
645,645,63.0,76.0
646,646,63.0,76.0
647,647,63.0,76.0
648,648,63.0,76.0
649,649,63.0,76.0
650,650,63.0,76.0
651,651,63.0,76.0
652,652,63.0,76.0
653,653,63.0,76.0
654,654,63.0,76.0
655,655,63.0,76.0
656,656,63.0,76.0
657,657,63.0,76.0
658,658,63.0,76.0
659,659,63.0,76.0
660,660,63.0,76.0
661,661,63.0,76.0
662,662,63.0,76.0
663,663,63.0,76.0
664,664,63.0,76.0
665,665,63.0,76.0
666,666,63.0,76.0
667,667,63.0,76.0
668,668,63.0,76.0
669,669,63.0,76.0
670,670,63.0,76.0
671,671,63.0,76.0
672,672,63.0,76.0
673,673,63.0,76.0
674,674,63.0,76.0
675,675,63.0,76.0
676,676,63.0,76.0
677,677,63.0,76.0
678,678,63.0,76.0
679,679,63.0,76.0
680,680,63.0,76.0
681,681,63.0,76.0
682,682,63.0,76.0
683,683,63.0,76.0
684,684,63.0,76.0
685,685,63.0,76.0
686,686,63.0,76.0
687,687,63.0,76.0
688,688,63.0,76.0
689,689,63.0,76.0
690,690,62.0,77.0
691,691,63.0,76.0
692,692,63.0,76.0
693,693,63.0,76.0
694,694,63.0,76.0
695,695,63.0,76.0
696,696,63.0,76.0
697,697,63.0,76.0
698,698,63.0,76.0
699,699,63.0,76.0
700,700,63.0,76.0
701,701,63.0,76.0
702,702,63.0,76.0
703,703,63.0,76.0
704,704,63.0,76.0
705,705,63.0,76.0
706,706,63.0,76.0
707,707,63.0,76.0
708,708,63.0,76.0
709,709,63.0,76.0
710,710,63.0,76.0
711,711,63.0,76.0
712,712,63.0,76.0
713,713,63.0,76.0
714,714,63.0,76.0
715,715,63.0,76.0
716,716,63.0,76.0
717,717,63.0,76.0
718,718,63.0,76.0
719,719,65.0,70.0
720,720,63.0,76.0
721,721,63.0,76.0
722,722,63.0,76.0
723,723,63.0,76.0
724,724,63.0,76.0
725,725,63.0,76.0
726,726,63.0,76.0
727,727,63.0,76.0
728,728,63.0,76.0
729,729,63.0,76.0
730,730,63.0,76.0
731,731,63.0,76.0
732,732,63.0,76.0
733,733,63.0,76.0
734,734,63.0,76.0
735,735,63.0,76.0
736,736,63.0,76.0
737,737,63.0,76.0
738,738,63.0,76.0
739,739,63.0,76.0
740,740,63.0,76.0
741,741,63.0,76.0
742,742,63.0,76.0
743,743,63.0,76.0
744,744,63.0,76.0
745,745,63.0,76.0
746,746,63.0,76.0
747,747,63.0,76.0
748,748,63.0,76.0
749,749,63.0,76.0
750,750,63.0,76.0
751,751,63.0,76.0
752,752,63.0,76.0
753,753,63.0,76.0
754,754,63.0,76.0
755,755,63.0,76.0
756,756,63.0,76.0
757,757,63.0,76.0
758,758,63.0,76.0
759,759,63.0,76.0
760,760,63.0,76.0
761,761,63.0,76.0
762,762,63.0,76.0
763,763,63.0,76.0
764,764,63.0,76.0
765,765,63.0,76.0
766,766,63.0,76.0
767,767,63.0,76.0
768,768,63.0,76.0
769,769,63.0,76.0
770,770,63.0,76.0
771,771,63.0,76.0
772,772,63.0,76.0
773,773,63.0,76.0
774,774,63.0,76.0
775,775,63.0,76.0
776,776,63.0,76.0
777,777,63.0,76.0
778,778,63.0,76.0
779,779,63.0,76.0
780,780,63.0,76.0
781,781,63.0,76.0
782,782,63.0,76.0
783,783,63.0,76.0
784,784,63.0,76.0
785,785,63.0,76.0
786,786,63.0,76.0
787,787,63.0,76.0
788,788,63.0,76.0
789,789,63.0,76.0
790,790,63.0,76.0
791,791,63.0,76.0
792,792,63.0,76.0
793,793,63.0,76.0
794,794,63.0,76.0
795,795,63.0,76.0
796,796,63.0,76.0
797,797,63.0,76.0
798,798,63.0,76.0
799,799,63.0,76.0
800,800,63.0,76.0
801,801,63.0,76.0
802,802,63.0,76.0
803,803,63.0,76.0
804,804,63.0,76.0
805,805,63.0,76.0
806,806,66.0,74.0
807,807,63.0,76.0
808,808,57.0,87.0
809,809,63.0,76.0
810,810,63.0,76.0
811,811,63.0,76.0
812,812,63.0,76.0
813,813,63.0,76.0
814,814,63.0,76.0
815,815,63.0,76.0
816,816,63.0,76.0
817,817,63.0,76.0
818,818,63.0,76.0
819,819,63.0,76.0
820,820,63.0,76.0
821,821,63.0,76.0
822,822,63.0,76.0
823,823,63.0,76.0
824,824,63.0,76.0
825,825,63.0,76.0
826,826,63.0,76.0
827,827,63.0,76.0
828,828,63.0,76.0
829,829,63.0,76.0
830,830,63.0,76.0
831,831,63.0,76.0
832,832,63.0,76.0
833,833,63.0,76.0
834,834,63.0,76.0
835,835,63.0,76.0
836,836,63.0,76.0
837,837,63.0,76.0
838,838,63.0,76.0
839,839,63.0,76.0
840,840,63.0,76.0
841,841,63.0,76.0
842,842,63.0,76.0
843,843,63.0,76.0
844,844,63.0,76.0
845,845,63.0,76.0
846,846,63.0,76.0
847,847,63.0,76.0
848,848,63.0,76.0
849,849,63.0,76.0
850,850,63.0,76.0
851,851,63.0,76.0
852,852,63.0,76.0
853,853,63.0,76.0
854,854,63.0,76.0
855,855,63.0,76.0
856,856,63.0,76.0
857,857,63.0,76.0
858,858,63.0,76.0
859,859,63.0,76.0
860,860,63.0,76.0
861,861,63.0,76.0
862,862,63.0,76.0
863,863,63.0,76.0
864,864,63.0,76.0
865,865,63.0,76.0
866,866,63.0,76.0
867,867,63.0,76.0
868,868,63.0,76.0
869,869,63.0,76.0
870,870,63.0,76.0
871,871,63.0,76.0
872,872,63.0,76.0
873,873,63.0,76.0
874,874,63.0,76.0
875,875,63.0,76.0
876,876,63.0,76.0
877,877,63.0,76.0
878,878,63.0,76.0
879,879,63.0,76.0
880,880,63.0,76.0
881,881,63.0,76.0
882,882,63.0,76.0
883,883,63.0,76.0
884,884,63.0,76.0
885,885,63.0,76.0
886,886,63.0,76.0
887,887,63.0,76.0
888,888,63.0,76.0
889,889,63.0,76.0
890,890,63.0,76.0
891,891,63.0,76.0
892,892,63.0,76.0
893,893,63.0,76.0
894,894,63.0,76.0
895,895,63.0,76.0
896,896,63.0,76.0
897,897,63.0,76.0
898,898,63.0,76.0
899,899,63.0,76.0
900,900,63.0,76.0
901,901,63.0,76.0
902,902,63.0,76.0
903,903,63.0,76.0
904,904,63.0,76.0
905,905,63.0,76.0
906,906,63.0,76.0
907,907,63.0,76.0
908,908,63.0,76.0
909,909,63.0,76.0
910,910,63.0,76.0
911,911,63.0,76.0
912,912,63.0,76.0
913,913,63.0,76.0
914,914,63.0,76.0
915,915,63.0,76.0
916,916,63.0,76.0
917,917,63.0,76.0
918,918,63.0,76.0
919,919,63.0,76.0
920,920,63.0,76.0
921,921,63.0,76.0
922,922,63.0,76.0
923,923,63.0,76.0
924,924,63.0,76.0
925,925,63.0,76.0
926,926,63.0,76.0
927,927,63.0,76.0
928,928,63.0,76.0
929,929,63.0,76.0
930,930,63.0,76.0
931,931,63.0,76.0
932,932,63.0,76.0
933,933,63.0,76.0
934,934,63.0,76.0
935,935,63.0,76.0
936,936,63.0,76.0
937,937,63.0,76.0
938,938,63.0,76.0
939,939,63.0,76.0
940,940,63.0,76.0
941,941,63.0,76.0
942,942,63.0,76.0
943,943,63.0,76.0
944,944,63.0,76.0
945,945,63.0,76.0
946,946,63.0,76.0
947,947,63.0,76.0
948,948,63.0,76.0
949,949,63.0,76.0
950,950,63.0,76.0
951,951,63.0,76.0
952,952,63.0,76.0
953,953,63.0,76.0
954,954,63.0,76.0
955,955,63.0,76.0
956,956,63.0,76.0
957,957,63.0,76.0
958,958,63.0,76.0
959,959,63.0,76.0
960,960,63.0,76.0
961,961,63.0,76.0
962,962,63.0,76.0
963,963,63.0,76.0
964,964,63.0,76.0
965,965,63.0,76.0
966,966,63.0,76.0
967,967,63.0,76.0
968,968,63.0,76.0
969,969,63.0,76.0
970,970,63.0,76.0
971,971,63.0,76.0
972,972,63.0,76.0
973,973,63.0,76.0
974,974,63.0,76.0
975,975,63.0,76.0
976,976,63.0,76.0
977,977,63.0,76.0
978,978,63.0,76.0
979,979,63.0,76.0
980,980,63.0,76.0
981,981,63.0,76.0
982,982,63.0,76.0
983,983,63.0,76.0
984,984,63.0,76.0
985,985,63.0,76.0
986,986,63.0,76.0
987,987,63.0,76.0
988,988,63.0,76.0
989,989,63.0,76.0
990,990,63.0,76.0
991,991,63.0,76.0
992,992,63.0,76.0
993,993,63.0,76.0
994,994,63.0,76.0
995,995,63.0,76.0
996,996,63.0,76.0
997,997,63.0,76.0
998,998,63.0,76.0
999,999,63.0,76.0
1000,1000,63.0,76.0
1001,1001,63.0,76.0
1002,1002,63.0,76.0
1003,1003,63.0,76.0
1004,1004,63.0,76.0
1005,1005,63.0,76.0
1006,1006,63.0,76.0
1007,1007,56.0,82.0
1008,1008,63.0,76.0
1009,1009,63.0,76.0
1010,1010,63.0,76.0
1011,1011,63.0,76.0
1012,1012,63.0,76.0
1013,1013,63.0,76.0
1014,1014,63.0,76.0
1015,1015,63.0,76.0
1016,1016,63.0,76.0
1017,1017,63.0,76.0
1018,1018,63.0,76.0
1019,1019,63.0,76.0
1020,1020,63.0,76.0
1021,1021,63.0,76.0
1022,1022,63.0,76.0
1023,1023,63.0,76.0
1024,1024,63.0,76.0
1025,1025,63.0,76.0
1026,1026,63.0,76.0
1027,1027,63.0,76.0
1028,1028,63.0,76.0
1029,1029,63.0,76.0
1030,1030,63.0,76.0
1031,1031,63.0,76.0
1032,1032,63.0,76.0
1033,1033,63.0,76.0
1034,1034,63.0,76.0
1035,1035,63.0,76.0
1036,1036,63.0,76.0
1037,1037,63.0,76.0
1038,1038,63.0,76.0
1039,1039,62.0,77.0
1040,1040,63.0,76.0
1041,1041,63.0,76.0
1042,1042,63.0,76.0
1043,1043,63.0,76.0
1044,1044,63.0,76.0
1045,1045,63.0,76.0
1046,1046,63.0,76.0
1047,1047,63.0,76.0
1048,1048,63.0,76.0
1049,1049,63.0,76.0
1050,1050,63.0,76.0
1051,1051,63.0,76.0
1052,1052,63.0,76.0
1053,1053,63.0,76.0
1054,1054,63.0,76.0
1055,1055,63.0,76.0
1056,1056,63.0,76.0
1057,1057,63.0,76.0
1058,1058,63.0,76.0
1059,1059,63.0,76.0
1060,1060,63.0,76.0
1061,1061,63.0,76.0
1062,1062,63.0,76.0
1063,1063,63.0,76.0
1064,1064,63.0,76.0
1065,1065,63.0,76.0
1066,1066,63.0,76.0
1067,1067,63.0,76.0
1068,1068,63.0,76.0
1069,1069,63.0,76.0
1070,1070,63.0,76.0
1071,1071,63.0,76.0
1072,1072,63.0,76.0
1073,1073,63.0,76.0
1074,1074,63.0,76.0
1075,1075,63.0,76.0
1076,1076,63.0,76.0
1077,1077,63.0,76.0
1078,1078,63.0,76.0
1079,1079,63.0,76.0
1080,1080,63.0,76.0
1081,1081,63.0,76.0
1082,1082,63.0,76.0
1083,1083,63.0,76.0
1084,1084,63.0,76.0
1085,1085,63.0,76.0
1086,1086,63.0,76.0
1087,1087,63.0,76.0
1088,1088,63.0,76.0
1089,1089,63.0,76.0
1090,1090,63.0,76.0
1091,1091,63.0,76.0
1092,1092,63.0,76.0
1093,1093,63.0,76.0
1094,1094,63.0,76.0
1095,1095,63.0,76.0
1096,1096,63.0,76.0
1097,1097,63.0,76.0
1098,1098,63.0,76.0
1099,1099,63.0,76.0
1100,1100,63.0,76.0
1101,1101,63.0,76.0
1102,1102,63.0,76.0
1103,1103,63.0,76.0
1104,1104,63.0,76.0
1105,1105,63.0,76.0
1106,1106,63.0,76.0
1107,1107,63.0,76.0
1108,1108,63.0,76.0
1109,1109,63.0,76.0
1110,1110,63.0,76.0
1111,1111,63.0,76.0
1112,1112,63.0,76.0
1113,1113,63.0,76.0
1114,1114,63.0,76.0
1115,1115,63.0,76.0
1116,1116,63.0,76.0
1117,1117,63.0,76.0
1118,1118,63.0,76.0
1119,1119,63.0,76.0
1120,1120,63.0,76.0
1121,1121,63.0,76.0
1122,1122,63.0,76.0
1123,1123,63.0,76.0
1124,1124,63.0,76.0
1125,1125,64.0,73.0
1126,1126,63.0,76.0
1127,1127,63.0,76.0
1128,1128,63.0,76.0
1129,1129,63.0,76.0
1130,1130,63.0,76.0
1131,1131,63.0,76.0
1132,1132,63.0,76.0
1133,1133,63.0,76.0
1134,1134,63.0,76.0
1135,1135,63.0,76.0
1136,1136,63.0,76.0
1137,1137,63.0,76.0
1138,1138,63.0,76.0
1139,1139,63.0,76.0
1140,1140,63.0,76.0
1141,1141,63.0,76.0
1142,1142,63.0,76.0
1143,1143,63.0,76.0
1144,1144,63.0,76.0
1145,1145,63.0,76.0
1146,1146,63.0,76.0
1147,1147,63.0,76.0
1148,1148,63.0,76.0
1149,1149,63.0,76.0
1150,1150,63.0,76.0
1151,1151,63.0,76.0
1152,1152,63.0,76.0
1153,1153,63.0,76.0
1154,1154,63.0,76.0
1155,1155,63.0,76.0
1156,1156,63.0,76.0
1157,1157,63.0,76.0
1158,1158,63.0,76.0
1159,1159,63.0,76.0
1160,1160,63.0,76.0
1161,1161,63.0,76.0
1162,1162,63.0,76.0
1163,1163,63.0,76.0
1164,1164,63.0,76.0
1165,1165,63.0,76.0
1166,1166,63.0,76.0
1167,1167,63.0,76.0
1168,1168,63.0,76.0
1169,1169,63.0,76.0
1170,1170,63.0,76.0
1171,1171,63.0,76.0
1172,1172,63.0,76.0
1173,1173,63.0,76.0
1174,1174,63.0,76.0
1175,1175,63.0,76.0
1176,1176,63.0,76.0
1177,1177,63.0,76.0
1178,1178,63.0,76.0
1179,1179,63.0,76.0
1180,1180,63.0,76.0
1181,1181,63.0,76.0
1182,1182,63.0,76.0
1183,1183,62.0,78.0
1184,1184,63.0,76.0
1185,1185,63.0,76.0
1186,1186,63.0,76.0
1187,1187,63.0,76.0
1188,1188,63.0,76.0
1189,1189,63.0,76.0
1190,1190,63.0,76.0
1191,1191,63.0,76.0
1192,1192,63.0,76.0
1193,1193,63.0,76.0
1194,1194,63.0,76.0
1195,1195,63.0,76.0
1196,1196,63.0,76.0
1197,1197,63.0,76.0
1198,1198,63.0,76.0
1199,1199,63.0,76.0
1200,1200,63.0,76.0
1201,1201,63.0,76.0
1202,1202,63.0,76.0
1203,1203,63.0,76.0
1204,1204,63.0,76.0
1205,1205,63.0,76.0
1206,1206,63.0,76.0
1207,1207,63.0,76.0
1208,1208,63.0,76.0
1209,1209,63.0,76.0
1210,1210,63.0,76.0
1211,1211,63.0,76.0
1212,1212,63.0,76.0
1213,1213,63.0,76.0
1214,1214,63.0,76.0
1215,1215,63.0,76.0
1216,1216,63.0,76.0
1217,1217,63.0,76.0
1218,1218,63.0,76.0
1219,1219,63.0,76.0
1220,1220,63.0,76.0
1221,1221,63.0,76.0
1222,1222,63.0,76.0
1223,1223,63.0,76.0
1224,1224,63.0,76.0
1225,1225,63.0,76.0
1226,1226,63.0,76.0
1227,1227,63.0,76.0
1228,1228,63.0,76.0
1229,1229,63.0,76.0
1230,1230,63.0,76.0
1231,1231,63.0,76.0
1232,1232,63.0,76.0
1233,1233,63.0,76.0
1234,1234,63.0,76.0
1235,1235,63.0,76.0
1236,1236,63.0,76.0
1237,1237,63.0,76.0
1238,1238,63.0,76.0
1239,1239,63.0,76.0
1240,1240,63.0,76.0
1241,1241,63.0,76.0
1242,1242,63.0,76.0
1243,1243,63.0,76.0
1244,1244,63.0,76.0
1245,1245,63.0,76.0
1246,1246,63.0,76.0
1247,1247,63.0,76.0
1248,1248,63.0,76.0
1249,1249,63.0,76.0
1250,1250,63.0,76.0
1251,1251,63.0,76.0
1252,1252,63.0,76.0
1253,1253,63.0,76.0
1254,1254,63.0,76.0
1255,1255,63.0,76.0
1256,1256,63.0,76.0
1257,1257,63.0,76.0
1258,1258,63.0,76.0
1259,1259,63.0,76.0
1260,1260,63.0,76.0
1261,1261,63.0,76.0
1262,1262,63.0,76.0
1263,1263,63.0,76.0
1264,1264,63.0,76.0
1265,1265,63.0,76.0
1266,1266,63.0,76.0
1267,1267,63.0,76.0
1268,1268,63.0,76.0
1269,1269,63.0,76.0
1270,1270,63.0,76.0
1271,1271,63.0,76.0
1272,1272,63.0,76.0
1273,1273,63.0,76.0
1274,1274,63.0,76.0
1275,1275,63.0,76.0
1276,1276,63.0,76.0
1277,1277,63.0,76.0
1278,1278,63.0,76.0
1279,1279,63.0,76.0
1280,1280,63.0,76.0
1281,1281,63.0,76.0
1282,1282,63.0,76.0
1283,1283,63.0,76.0
1284,1284,63.0,76.0
1285,1285,63.0,76.0
1286,1286,63.0,76.0
1287,1287,63.0,76.0
1288,1288,63.0,76.0
1289,1289,63.0,76.0
1290,1290,63.0,76.0
1291,1291,63.0,76.0
1292,1292,63.0,76.0
1293,1293,63.0,76.0
1294,1294,63.0,76.0
1295,1295,63.0,76.0
1296,1296,63.0,76.0
1297,1297,63.0,76.0
1298,1298,63.0,76.0
1299,1299,63.0,76.0
1300,1300,63.0,76.0
1301,1301,63.0,76.0
1302,1302,63.0,76.0
1303,1303,63.0,76.0
1304,1304,63.0,76.0
1305,1305,63.0,76.0
1306,1306,63.0,76.0
1307,1307,63.0,76.0
1308,1308,63.0,76.0
1309,1309,63.0,76.0
1310,1310,63.0,76.0
1311,1311,63.0,76.0
1312,1312,63.0,76.0
1313,1313,63.0,76.0
1314,1314,63.0,76.0
1315,1315,63.0,76.0
1316,1316,63.0,76.0
1317,1317,63.0,76.0
1318,1318,63.0,76.0
1319,1319,63.0,76.0
1320,1320,63.0,76.0
1321,1321,63.0,76.0
1322,1322,63.0,76.0
1323,1323,63.0,76.0
1324,1324,63.0,76.0
1325,1325,63.0,76.0
1326,1326,63.0,76.0
1327,1327,63.0,76.0
1328,1328,63.0,76.0
1329,1329,63.0,76.0
1330,1330,63.0,76.0
1331,1331,63.0,76.0
1332,1332,63.0,76.0
1333,1333,63.0,76.0
1334,1334,63.0,76.0
1335,1335,63.0,76.0
1336,1336,63.0,76.0
1337,1337,63.0,76.0
1338,1338,63.0,76.0
1339,1339,63.0,76.0
1340,1340,63.0,76.0
1341,1341,63.0,76.0
1342,1342,63.0,76.0
1343,1343,63.0,76.0
1344,1344,63.0,76.0
1345,1345,63.0,76.0
1346,1346,63.0,76.0
1347,1347,63.0,76.0
1348,1348,63.0,76.0
1349,1349,63.0,76.0
1350,1350,63.0,76.0
1351,1351,63.0,76.0
1352,1352,63.0,76.0
1353,1353,63.0,76.0
1354,1354,63.0,76.0
1355,1355,63.0,76.0
1356,1356,63.0,76.0
1357,1357,63.0,76.0
1358,1358,63.0,76.0
1359,1359,63.0,76.0
1360,1360,63.0,76.0
1361,1361,63.0,76.0
1362,1362,63.0,76.0
1363,1363,63.0,76.0
1364,1364,63.0,76.0
1365,1365,63.0,76.0
1366,1366,63.0,76.0
1367,1367,63.0,76.0
1368,1368,63.0,76.0
1369,1369,63.0,76.0
1370,1370,63.0,76.0
1371,1371,63.0,76.0
1372,1372,63.0,76.0
1373,1373,63.0,76.0
1374,1374,63.0,80.0
1375,1375,63.0,76.0
1376,1376,63.0,76.0
1377,1377,63.0,76.0
1378,1378,63.0,76.0
1379,1379,63.0,76.0
1380,1380,63.0,76.0
1381,1381,63.0,76.0
1382,1382,63.0,76.0
1383,1383,63.0,76.0
1384,1384,63.0,76.0
1385,1385,63.0,76.0
1386,1386,63.0,76.0
1387,1387,63.0,76.0
1388,1388,63.0,76.0
1389,1389,63.0,76.0
1390,1390,63.0,76.0
1391,1391,63.0,76.0
1392,1392,63.0,76.0
1393,1393,63.0,76.0
1394,1394,63.0,76.0
1395,1395,63.0,76.0
1396,1396,63.0,76.0
1397,1397,63.0,76.0
1398,1398,63.0,76.0
1399,1399,63.0,76.0
1400,1400,63.0,76.0
1401,1401,63.0,76.0
1402,1402,63.0,76.0
1403,1403,63.0,76.0
1404,1404,63.0,76.0
1405,1405,63.0,76.0
1406,1406,63.0,76.0
1407,1407,63.0,76.0
1408,1408,63.0,76.0
1409,1409,63.0,76.0
1410,1410,63.0,76.0
1411,1411,63.0,76.0
1412,1412,63.0,76.0
1413,1413,63.0,76.0
1414,1414,63.0,76.0
1415,1415,63.0,76.0
1416,1416,63.0,76.0
1417,1417,63.0,76.0
1418,1418,63.0,76.0
1419,1419,63.0,76.0
1420,1420,63.0,76.0
1421,1421,63.0,76.0
1422,1422,63.0,76.0
1423,1423,63.0,76.0
1424,1424,63.0,76.0
1425,1425,63.0,76.0
1426,1426,63.0,76.0
1427,1427,63.0,76.0
1428,1428,63.0,76.0
1429,1429,63.0,76.0
1430,1430,63.0,76.0
1431,1431,63.0,76.0
1432,1432,63.0,76.0
1433,1433,63.0,76.0
1434,1434,63.0,76.0
1435,1435,63.0,76.0
1436,1436,63.0,76.0
1437,1437,63.0,76.0
1438,1438,63.0,76.0
1439,1439,63.0,76.0
1440,1440,63.0,76.0
1441,1441,63.0,76.0
1442,1442,63.0,76.0
1443,1443,63.0,76.0
1444,1444,63.0,76.0
1445,1445,63.0,76.0
1446,1446,63.0,76.0
1447,1447,63.0,76.0
1448,1448,63.0,76.0
1449,1449,63.0,76.0
1450,1450,63.0,76.0
1451,1451,63.0,76.0
1452,1452,63.0,76.0
1453,1453,63.0,76.0
1454,1454,63.0,76.0
1455,1455,63.0,76.0
1456,1456,63.0,76.0
1457,1457,63.0,76.0
1458,1458,63.0,76.0
1459,1459,63.0,76.0
1460,1460,63.0,76.0
1461,1461,63.0,76.0
1462,1462,63.0,76.0
1463,1463,63.0,76.0
1464,1464,63.0,76.0
1465,1465,63.0,76.0
1466,1466,63.0,76.0
1467,1467,63.0,76.0
1468,1468,63.0,76.0
1469,1469,63.0,76.0
1470,1470,63.0,76.0
1471,1471,63.0,76.0
1472,1472,63.0,76.0
1473,1473,63.0,76.0
1474,1474,63.0,76.0
1475,1475,63.0,76.0
1476,1476,63.0,76.0
1477,1477,63.0,76.0
1478,1478,63.0,76.0
1479,1479,63.0,76.0
1480,1480,63.0,76.0
1481,1481,63.0,76.0
1482,1482,63.0,76.0
1483,1483,63.0,76.0
1484,1484,63.0,76.0
1485,1485,63.0,76.0
1486,1486,63.0,76.0
1487,1487,63.0,76.0
1488,1488,63.0,76.0
1489,1489,63.0,76.0
1490,1490,63.0,76.0
1491,1491,63.0,76.0
1492,1492,63.0,76.0
1493,1493,63.0,76.0
1494,1494,63.0,76.0
1495,1495,63.0,76.0
1496,1496,63.0,76.0
1497,1497,63.0,76.0
1498,1498,63.0,76.0
1499,1499,63.0,76.0
1500,1500,63.0,76.0
1501,1501,63.0,76.0
1502,1502,63.0,76.0
1503,1503,63.0,76.0
1504,1504,63.0,76.0
1505,1505,63.0,76.0
1506,1506,63.0,76.0
1507,1507,63.0,76.0
1508,1508,63.0,76.0
1509,1509,63.0,76.0
1510,1510,63.0,76.0
1511,1511,63.0,76.0
1512,1512,63.0,76.0
1513,1513,63.0,76.0
1514,1514,63.0,76.0
1515,1515,63.0,76.0
1516,1516,63.0,76.0
1517,1517,63.0,76.0
1518,1518,63.0,76.0
1519,1519,63.0,76.0
1520,1520,63.0,76.0
1521,1521,63.0,76.0
1522,1522,63.0,76.0
1523,1523,63.0,76.0
1524,1524,63.0,76.0
1525,1525,63.0,76.0
1526,1526,63.0,76.0
1527,1527,63.0,76.0
1528,1528,63.0,76.0
1529,1529,63.0,76.0
1530,1530,63.0,76.0
1531,1531,63.0,76.0
1532,1532,63.0,76.0
1533,1533,63.0,76.0
1534,1534,63.0,76.0
1535,1535,63.0,76.0
1536,1536,63.0,76.0
1537,1537,63.0,76.0
1538,1538,63.0,76.0
1539,1539,63.0,76.0
1540,1540,63.0,76.0
1541,1541,63.0,76.0
1542,1542,63.0,76.0
1543,1543,63.0,76.0
1544,1544,63.0,76.0
1545,1545,63.0,76.0
1546,1546,63.0,76.0
1547,1547,63.0,76.0
1548,1548,63.0,76.0
1549,1549,63.0,76.0
1550,1550,63.0,76.0
1551,1551,63.0,76.0
1552,1552,63.0,76.0
1553,1553,63.0,76.0
1554,1554,63.0,76.0
1555,1555,60.0,80.0
1556,1556,63.0,76.0
1557,1557,63.0,76.0
1558,1558,63.0,76.0
1559,1559,63.0,76.0
1560,1560,63.0,76.0
1561,1561,63.0,76.0
1562,1562,63.0,76.0
1563,1563,63.0,76.0
1564,1564,63.0,76.0
1565,1565,63.0,76.0
1566,1566,63.0,76.0
1567,1567,63.0,76.0
1568,1568,63.0,76.0
1569,1569,63.0,76.0
1570,1570,63.0,76.0
1571,1571,63.0,76.0
1572,1572,63.0,76.0
1573,1573,63.0,76.0
1574,1574,63.0,76.0
1575,1575,63.0,76.0
1576,1576,63.0,76.0
1577,1577,63.0,76.0
1578,1578,63.0,76.0
1579,1579,63.0,76.0
1580,1580,63.0,76.0
1581,1581,63.0,76.0
1582,1582,63.0,76.0
1583,1583,63.0,76.0
1584,1584,63.0,76.0
1585,1585,63.0,76.0
1586,1586,63.0,76.0
1587,1587,63.0,76.0
1588,1588,63.0,76.0
1589,1589,63.0,76.0
1590,1590,63.0,76.0
1591,1591,63.0,76.0
1592,1592,63.0,70.0
1593,1593,63.0,76.0
1594,1594,63.0,76.0
1595,1595,63.0,76.0
1596,1596,63.0,76.0
1597,1597,63.0,76.0
1598,1598,63.0,76.0
1599,1599,63.0,76.0
1600,1600,63.0,76.0
1601,1601,63.0,76.0
1602,1602,63.0,76.0
1603,1603,63.0,76.0
1604,1604,63.0,76.0
1605,1605,63.0,76.0
1606,1606,63.0,76.0
1607,1607,63.0,76.0
1608,1608,63.0,76.0
1609,1609,63.0,76.0
1610,1610,63.0,76.0
1611,1611,63.0,76.0
1612,1612,63.0,76.0
1613,1613,63.0,76.0
1614,1614,63.0,76.0
1615,1615,63.0,76.0
1616,1616,63.0,76.0
1617,1617,63.0,76.0
1618,1618,63.0,76.0
1619,1619,63.0,76.0
1620,1620,63.0,76.0
1621,1621,63.0,76.0
1622,1622,63.0,76.0
1623,1623,63.0,76.0
1624,1624,63.0,76.0
1625,1625,63.0,76.0
1626,1626,63.0,76.0
1627,1627,63.0,76.0
1628,1628,63.0,76.0
1629,1629,63.0,76.0
1630,1630,63.0,76.0
1631,1631,63.0,76.0
1632,1632,63.0,76.0
1633,1633,63.0,76.0
1634,1634,63.0,76.0
1635,1635,66.0,76.0
1636,1636,63.0,76.0
1637,1637,63.0,76.0
1638,1638,63.0,76.0
1639,1639,63.0,76.0
1640,1640,63.0,76.0
1641,1641,63.0,76.0
1642,1642,63.0,76.0
1643,1643,63.0,76.0
1644,1644,63.0,76.0
1645,1645,63.0,76.0
1646,1646,63.0,76.0
1647,1647,63.0,76.0
1648,1648,63.0,76.0
1649,1649,63.0,76.0
1650,1650,63.0,76.0
1651,1651,63.0,76.0
1652,1652,63.0,76.0
1653,1653,63.0,76.0
1654,1654,63.0,76.0
1655,1655,63.0,76.0
1656,1656,63.0,76.0
1657,1657,63.0,76.0
1658,1658,63.0,76.0
1659,1659,63.0,76.0
1660,1660,63.0,76.0
1661,1661,63.0,76.0
1662,1662,63.0,76.0
1663,1663,63.0,76.0
1664,1664,63.0,76.0
1665,1665,63.0,76.0
1666,1666,63.0,76.0
1667,1667,63.0,76.0
1668,1668,63.0,76.0
1669,1669,63.0,76.0
1670,1670,63.0,76.0
1671,1671,63.0,76.0
1672,1672,63.0,76.0
1673,1673,63.0,76.0
1674,1674,63.0,76.0
1675,1675,63.0,76.0
1676,1676,63.0,76.0
1677,1677,63.0,76.0
1678,1678,63.0,76.0
1679,1679,63.0,76.0
1680,1680,63.0,76.0
1681,1681,63.0,76.0
1682,1682,63.0,76.0
1683,1683,63.0,76.0
1684,1684,63.0,76.0
1685,1685,63.0,76.0
1686,1686,63.0,76.0
1687,1687,63.0,76.0
1688,1688,63.0,76.0
1689,1689,63.0,76.0
1690,1690,63.0,76.0
1691,1691,63.0,76.0
1692,1692,63.0,76.0
1693,1693,63.0,76.0
1694,1694,63.0,76.0
1695,1695,63.0,76.0
1696,1696,63.0,76.0
1697,1697,63.0,76.0
1698,1698,63.0,76.0
1699,1699,63.0,76.0
1700,1700,63.0,76.0
1701,1701,63.0,76.0
1702,1702,63.0,76.0
1703,1703,63.0,76.0
1704,1704,63.0,76.0
1705,1705,63.0,76.0
1706,1706,63.0,76.0
1707,1707,63.0,76.0
1708,1708,63.0,76.0
1709,1709,63.0,76.0
1710,1710,63.0,76.0
1711,1711,63.0,76.0
1712,1712,63.0,76.0
1713,1713,63.0,76.0
1714,1714,63.0,76.0
1715,1715,63.0,76.0
1716,1716,63.0,76.0
1717,1717,63.0,76.0
1718,1718,63.0,76.0
1719,1719,63.0,76.0
1720,1720,63.0,76.0
1721,1721,63.0,76.0
1722,1722,63.0,76.0
1723,1723,63.0,76.0
1724,1724,63.0,76.0
1725,1725,63.0,76.0
1726,1726,63.0,76.0
1727,1727,63.0,76.0
1728,1728,63.0,76.0
1729,1729,63.0,76.0
1730,1730,63.0,76.0
1731,1731,63.0,76.0
1732,1732,63.0,76.0
1733,1733,63.0,76.0
1734,1734,63.0,76.0
1735,1735,63.0,76.0
1736,1736,63.0,76.0
1737,1737,63.0,76.0
1738,1738,63.0,76.0
1739,1739,63.0,76.0
1740,1740,63.0,76.0
1741,1741,63.0,76.0
1742,1742,63.0,76.0
1743,1743,63.0,76.0
1744,1744,63.0,76.0
1745,1745,63.0,76.0
1746,1746,63.0,76.0
1747,1747,63.0,76.0
1748,1748,63.0,76.0
1749,1749,63.0,76.0
1750,1750,63.0,76.0
1751,1751,63.0,76.0
1752,1752,63.0,76.0
1753,1753,63.0,76.0
1754,1754,63.0,76.0
1755,1755,63.0,76.0
1756,1756,63.0,76.0
1757,1757,63.0,76.0
1758,1758,63.0,76.0
1759,1759,63.0,76.0
1760,1760,63.0,76.0
1761,1761,63.0,76.0
1762,1762,63.0,76.0
1763,1763,63.0,76.0
1764,1764,63.0,76.0
1765,1765,63.0,76.0
1766,1766,63.0,76.0
1767,1767,63.0,76.0
1768,1768,63.0,76.0
1769,1769,63.0,76.0
1770,1770,63.0,76.0
1771,1771,63.0,76.0
1772,1772,63.0,76.0
1773,1773,63.0,76.0
1774,1774,63.0,76.0
1775,1775,63.0,76.0
1776,1776,63.0,76.0
1777,1777,63.0,76.0
1778,1778,63.0,76.0
1779,1779,63.0,76.0
1780,1780,63.0,76.0
1781,1781,63.0,76.0
1782,1782,63.0,76.0
