,imageID,mouth_right_corner_x,mouth_right_corner_y
0,0,36.0,75.0
1,1,33.0,76.0
2,2,34.0,76.0
3,3,33.0,76.0
4,4,33.0,76.0
5,5,33.0,76.0
6,6,33.0,76.0
7,7,33.0,76.0
8,8,33.0,76.0
9,9,33.0,76.0
10,10,31.0,79.0
11,11,33.0,76.0
12,12,33.0,78.0
13,13,33.0,76.0
14,14,33.0,76.0
15,15,33.0,76.0
16,16,33.0,76.0
17,17,33.0,76.0
18,18,33.0,76.0
19,19,33.0,76.0
20,20,33.0,76.0
21,21,33.0,76.0
22,22,33.0,76.0
23,23,33.0,76.0
24,24,33.0,76.0
25,25,32.0,76.0
26,26,33.0,76.0
27,27,33.0,76.0
28,28,33.0,76.0
29,29,33.0,76.0
30,30,33.0,76.0
31,31,37.0,75.0
32,32,33.0,76.0
33,33,33.0,76.0
34,34,33.0,76.0
35,35,33.0,76.0
36,36,33.0,76.0
37,37,33.0,76.0
38,38,33.0,76.0
39,39,33.0,76.0
40,40,33.0,76.0
41,41,33.0,76.0
42,42,33.0,76.0
43,43,33.0,76.0
44,44,33.0,76.0
45,45,33.0,76.0
46,46,33.0,76.0
47,47,33.0,76.0
48,48,33.0,76.0
49,49,33.0,76.0
50,50,33.0,76.0
51,51,33.0,76.0
52,52,33.0,76.0
53,53,33.0,76.0
54,54,33.0,76.0
55,55,33.0,76.0
56,56,33.0,76.0
57,57,33.0,76.0
58,58,33.0,76.0
59,59,33.0,76.0
60,60,33.0,76.0
61,61,33.0,76.0
62,62,33.0,76.0
63,63,33.0,76.0
64,64,32.0,76.0
65,65,33.0,76.0
66,66,33.0,82.0
67,67,33.0,76.0
68,68,33.0,76.0
69,69,33.0,76.0
70,70,33.0,76.0
71,71,33.0,76.0
72,72,33.0,76.0
73,73,33.0,76.0
74,74,36.0,75.0
75,75,31.0,84.0
76,76,33.0,76.0
77,77,33.0,76.0
78,78,33.0,76.0
79,79,33.0,76.0
80,80,33.0,76.0
81,81,33.0,76.0
82,82,35.0,79.0
83,83,33.0,76.0
84,84,31.0,75.0
85,85,33.0,76.0
86,86,35.0,75.0
87,87,33.0,76.0
88,88,33.0,76.0
89,89,33.0,76.0
90,90,31.0,79.0
91,91,35.0,75.0
92,92,33.0,76.0
93,93,33.0,76.0
94,94,36.0,75.0
95,95,33.0,76.0
96,96,33.0,76.0
97,97,33.0,76.0
98,98,35.0,75.0
99,99,33.0,76.0
100,100,33.0,76.0
101,101,33.0,76.0
102,102,33.0,76.0
103,103,33.0,76.0
104,104,33.0,76.0
105,105,55.0,90.0
106,106,33.0,76.0
107,107,36.0,70.0
108,108,33.0,76.0
109,109,33.0,76.0
110,110,33.0,76.0
111,111,36.0,75.0
112,112,33.0,76.0
113,113,33.0,76.0
114,114,33.0,76.0
115,115,33.0,76.0
116,116,33.0,76.0
117,117,36.0,74.0
118,118,33.0,76.0
119,119,33.0,76.0
120,120,33.0,76.0
121,121,33.0,76.0
122,122,33.0,76.0
123,123,37.0,75.0
124,124,34.0,73.0
125,125,36.0,68.0
126,126,37.0,75.0
127,127,33.0,76.0
128,128,33.0,76.0
129,129,34.0,72.0
130,130,33.0,76.0
131,131,35.0,73.0
132,132,33.0,76.0
133,133,33.0,76.0
134,134,33.0,76.0
135,135,33.0,76.0
136,136,33.0,76.0
137,137,33.0,76.0
138,138,34.0,79.0
139,139,33.0,76.0
140,140,33.0,76.0
141,141,33.0,76.0
142,142,33.0,76.0
143,143,33.0,76.0
144,144,33.0,76.0
145,145,33.0,76.0
146,146,33.0,76.0
147,147,33.0,76.0
148,148,33.0,76.0
149,149,34.0,76.0
150,150,33.0,76.0
151,151,33.0,76.0
152,152,28.0,80.0
153,153,33.0,76.0
154,154,33.0,76.0
155,155,33.0,76.0
156,156,33.0,76.0
157,157,33.0,76.0
158,158,33.0,76.0
159,159,35.0,84.0
160,160,33.0,76.0
161,161,33.0,76.0
162,162,33.0,76.0
163,163,33.0,76.0
164,164,33.0,76.0
165,165,33.0,76.0
166,166,33.0,76.0
167,167,33.0,76.0
168,168,33.0,76.0
169,169,33.0,76.0
170,170,33.0,76.0
171,171,33.0,76.0
172,172,33.0,76.0
173,173,33.0,76.0
174,174,33.0,76.0
175,175,33.0,76.0
176,176,33.0,76.0
177,177,31.0,79.0
178,178,32.0,76.0
179,179,32.0,73.0
180,180,33.0,76.0
181,181,33.0,76.0
182,182,34.0,72.0
183,183,33.0,76.0
184,184,33.0,76.0
185,185,31.0,72.0
186,186,33.0,76.0
187,187,33.0,76.0
188,188,35.0,84.0
189,189,31.0,79.0
190,190,33.0,76.0
191,191,33.0,76.0
192,192,33.0,76.0
193,193,33.0,76.0
194,194,33.0,76.0
195,195,33.0,76.0
196,196,33.0,76.0
197,197,33.0,76.0
198,198,33.0,76.0
199,199,33.0,76.0
200,200,33.0,76.0
201,201,33.0,76.0
202,202,33.0,76.0
203,203,33.0,76.0
204,204,33.0,76.0
205,205,33.0,76.0
206,206,40.0,71.0
207,207,33.0,76.0
208,208,33.0,76.0
209,209,33.0,76.0
210,210,33.0,76.0
211,211,33.0,76.0
212,212,33.0,76.0
213,213,33.0,76.0
214,214,34.0,72.0
215,215,33.0,76.0
216,216,33.0,76.0
217,217,33.0,76.0
218,218,33.0,76.0
219,219,33.0,76.0
220,220,33.0,76.0
221,221,33.0,76.0
222,222,34.0,70.0
223,223,33.0,76.0
224,224,33.0,76.0
225,225,33.0,76.0
226,226,33.0,76.0
227,227,33.0,76.0
228,228,33.0,76.0
229,229,34.0,72.0
230,230,36.0,75.0
231,231,33.0,76.0
232,232,33.0,76.0
233,233,33.0,76.0
234,234,33.0,76.0
235,235,33.0,76.0
236,236,33.0,76.0
237,237,33.0,76.0
238,238,33.0,76.0
239,239,33.0,76.0
240,240,33.0,76.0
241,241,33.0,76.0
242,242,33.0,76.0
243,243,33.0,76.0
244,244,33.0,76.0
245,245,33.0,76.0
246,246,33.0,76.0
247,247,33.0,76.0
248,248,33.0,76.0
249,249,33.0,76.0
250,250,33.0,76.0
251,251,31.0,79.0
252,252,33.0,76.0
253,253,36.0,75.0
254,254,33.0,76.0
255,255,33.0,76.0
256,256,33.0,76.0
257,257,33.0,76.0
258,258,33.0,76.0
259,259,36.0,75.0
260,260,33.0,76.0
261,261,33.0,76.0
262,262,36.0,75.0
263,263,33.0,76.0
264,264,33.0,76.0
265,265,33.0,76.0
266,266,33.0,76.0
267,267,33.0,76.0
268,268,33.0,76.0
269,269,33.0,76.0
270,270,33.0,76.0
271,271,33.0,76.0
272,272,33.0,76.0
273,273,33.0,76.0
274,274,33.0,76.0
275,275,33.0,76.0
276,276,33.0,76.0
277,277,36.0,75.0
278,278,33.0,76.0
279,279,33.0,76.0
280,280,33.0,76.0
281,281,33.0,76.0
282,282,33.0,76.0
283,283,33.0,76.0
284,284,31.0,75.0
285,285,33.0,76.0
286,286,33.0,76.0
287,287,33.0,76.0
288,288,33.0,76.0
289,289,33.0,76.0
290,290,33.0,76.0
291,291,63.0,1.0
292,292,32.0,76.0
293,293,33.0,76.0
294,294,33.0,76.0
295,295,33.0,76.0
296,296,33.0,76.0
297,297,33.0,76.0
298,298,33.0,76.0
299,299,33.0,76.0
300,300,33.0,76.0
301,301,33.0,76.0
302,302,33.0,76.0
303,303,33.0,76.0
304,304,33.0,76.0
305,305,33.0,76.0
306,306,33.0,76.0
307,307,33.0,76.0
308,308,33.0,76.0
309,309,33.0,76.0
310,310,33.0,76.0
311,311,33.0,76.0
312,312,33.0,76.0
313,313,33.0,76.0
314,314,33.0,76.0
315,315,33.0,76.0
316,316,33.0,76.0
317,317,33.0,76.0
318,318,33.0,76.0
319,319,33.0,76.0
320,320,33.0,76.0
321,321,39.0,73.0
322,322,33.0,76.0
323,323,28.0,84.0
324,324,33.0,76.0
325,325,33.0,76.0
326,326,33.0,76.0
327,327,28.0,76.0
328,328,33.0,76.0
329,329,33.0,76.0
330,330,33.0,76.0
331,331,33.0,76.0
332,332,33.0,76.0
333,333,33.0,76.0
334,334,33.0,76.0
335,335,33.0,76.0
336,336,33.0,76.0
337,337,33.0,76.0
338,338,38.0,72.0
339,339,33.0,76.0
340,340,33.0,76.0
341,341,33.0,76.0
342,342,33.0,76.0
343,343,33.0,76.0
344,344,32.0,76.0
345,345,33.0,76.0
346,346,33.0,76.0
347,347,33.0,76.0
348,348,38.0,72.0
349,349,27.0,81.0
350,350,33.0,76.0
351,351,33.0,76.0
352,352,32.0,76.0
353,353,33.0,76.0
354,354,33.0,76.0
355,355,33.0,76.0
356,356,33.0,80.0
357,357,33.0,76.0
358,358,28.0,76.0
359,359,34.0,76.0
360,360,33.0,76.0
361,361,33.0,76.0
362,362,33.0,76.0
363,363,33.0,76.0
364,364,33.0,76.0
365,365,33.0,76.0
366,366,33.0,76.0
367,367,33.0,76.0
368,368,33.0,76.0
369,369,33.0,76.0
370,370,33.0,76.0
371,371,33.0,76.0
372,372,33.0,76.0
373,373,33.0,76.0
374,374,33.0,76.0
375,375,31.0,80.0
376,376,33.0,76.0
377,377,33.0,76.0
378,378,32.0,76.0
379,379,33.0,76.0
380,380,33.0,76.0
381,381,33.0,76.0
382,382,33.0,76.0
383,383,33.0,76.0
384,384,33.0,76.0
385,385,33.0,76.0
386,386,33.0,76.0
387,387,33.0,76.0
388,388,33.0,76.0
389,389,33.0,76.0
390,390,33.0,76.0
391,391,33.0,76.0
392,392,33.0,76.0
393,393,33.0,76.0
394,394,32.0,76.0
395,395,33.0,76.0
396,396,33.0,76.0
397,397,33.0,76.0
398,398,33.0,76.0
399,399,33.0,76.0
400,400,33.0,76.0
401,401,33.0,76.0
402,402,33.0,76.0
403,403,33.0,76.0
404,404,33.0,76.0
405,405,33.0,76.0
406,406,33.0,76.0
407,407,33.0,76.0
408,408,33.0,76.0
409,409,33.0,76.0
410,410,33.0,76.0
411,411,34.0,81.0
412,412,33.0,76.0
413,413,33.0,76.0
414,414,33.0,76.0
415,415,33.0,76.0
416,416,33.0,76.0
417,417,33.0,76.0
418,418,33.0,76.0
419,419,33.0,76.0
420,420,33.0,76.0
421,421,33.0,76.0
422,422,33.0,76.0
423,423,33.0,76.0
424,424,33.0,76.0
425,425,33.0,76.0
426,426,33.0,76.0
427,427,33.0,76.0
428,428,33.0,76.0
429,429,33.0,76.0
430,430,33.0,76.0
431,431,33.0,76.0
432,432,33.0,76.0
433,433,33.0,76.0
434,434,33.0,76.0
435,435,33.0,76.0
436,436,33.0,76.0
437,437,33.0,76.0
438,438,33.0,76.0
439,439,33.0,76.0
440,440,33.0,76.0
441,441,33.0,76.0
442,442,33.0,76.0
443,443,33.0,76.0
444,444,33.0,76.0
445,445,33.0,76.0
446,446,33.0,76.0
447,447,33.0,76.0
448,448,33.0,76.0
449,449,33.0,76.0
450,450,33.0,76.0
451,451,33.0,76.0
452,452,36.0,75.0
453,453,35.0,73.0
454,454,33.0,76.0
455,455,33.0,76.0
456,456,33.0,76.0
457,457,33.0,76.0
458,458,33.0,76.0
459,459,33.0,76.0
460,460,33.0,76.0
461,461,33.0,76.0
462,462,33.0,76.0
463,463,33.0,76.0
464,464,33.0,76.0
465,465,33.0,76.0
466,466,33.0,76.0
467,467,33.0,76.0
468,468,33.0,76.0
469,469,33.0,76.0
470,470,33.0,76.0
471,471,33.0,76.0
472,472,33.0,76.0
473,473,33.0,76.0
474,474,33.0,76.0
475,475,33.0,76.0
476,476,33.0,76.0
477,477,33.0,76.0
478,478,33.0,76.0
479,479,33.0,76.0
480,480,33.0,76.0
481,481,33.0,76.0
482,482,33.0,76.0
483,483,33.0,76.0
484,484,34.0,72.0
485,485,33.0,76.0
486,486,33.0,76.0
487,487,33.0,76.0
488,488,33.0,76.0
489,489,33.0,76.0
490,490,33.0,76.0
491,491,33.0,76.0
492,492,33.0,76.0
493,493,34.0,78.0
494,494,33.0,76.0
495,495,33.0,76.0
496,496,33.0,76.0
497,497,33.0,76.0
498,498,33.0,76.0
499,499,33.0,76.0
500,500,33.0,76.0
501,501,33.0,76.0
502,502,32.0,76.0
503,503,33.0,76.0
504,504,33.0,76.0
505,505,33.0,76.0
506,506,33.0,76.0
507,507,33.0,76.0
508,508,33.0,76.0
509,509,33.0,76.0
510,510,33.0,76.0
511,511,33.0,76.0
512,512,33.0,76.0
513,513,33.0,76.0
514,514,33.0,76.0
515,515,33.0,76.0
516,516,33.0,76.0
517,517,33.0,76.0
518,518,33.0,76.0
519,519,33.0,76.0
520,520,33.0,76.0
521,521,33.0,76.0
522,522,33.0,76.0
523,523,33.0,76.0
524,524,33.0,76.0
525,525,33.0,76.0
526,526,33.0,76.0
527,527,36.0,75.0
528,528,33.0,76.0
529,529,33.0,76.0
530,530,33.0,76.0
531,531,33.0,76.0
532,532,33.0,76.0
533,533,33.0,76.0
534,534,33.0,76.0
535,535,33.0,76.0
536,536,33.0,76.0
537,537,33.0,76.0
538,538,33.0,76.0
539,539,33.0,76.0
540,540,33.0,76.0
541,541,33.0,76.0
542,542,32.0,76.0
543,543,33.0,76.0
544,544,33.0,76.0
545,545,33.0,76.0
546,546,33.0,76.0
547,547,33.0,76.0
548,548,33.0,76.0
549,549,33.0,76.0
550,550,33.0,76.0
551,551,33.0,76.0
552,552,33.0,76.0
553,553,34.0,72.0
554,554,33.0,76.0
555,555,33.0,76.0
556,556,33.0,76.0
557,557,33.0,76.0
558,558,33.0,76.0
559,559,33.0,76.0
560,560,33.0,76.0
561,561,33.0,76.0
562,562,33.0,76.0
563,563,33.0,76.0
564,564,33.0,76.0
565,565,33.0,76.0
566,566,33.0,76.0
567,567,33.0,76.0
568,568,33.0,76.0
569,569,33.0,76.0
570,570,33.0,76.0
571,571,33.0,76.0
572,572,33.0,76.0
573,573,33.0,76.0
574,574,33.0,76.0
575,575,36.0,75.0
576,576,33.0,76.0
577,577,31.0,74.0
578,578,33.0,76.0
579,579,33.0,76.0
580,580,35.0,70.0
581,581,33.0,76.0
582,582,33.0,76.0
583,583,33.0,76.0
584,584,33.0,76.0
585,585,28.0,84.0
586,586,33.0,76.0
587,587,33.0,76.0
588,588,33.0,76.0
589,589,33.0,76.0
590,590,33.0,76.0
591,591,33.0,76.0
592,592,31.0,74.0
593,593,33.0,76.0
594,594,33.0,76.0
595,595,33.0,76.0
596,596,33.0,76.0
597,597,33.0,76.0
598,598,33.0,76.0
599,599,33.0,76.0
600,600,33.0,76.0
601,601,33.0,76.0
602,602,33.0,76.0
603,603,33.0,76.0
604,604,33.0,76.0
605,605,33.0,76.0
606,606,33.0,76.0
607,607,33.0,76.0
608,608,33.0,76.0
609,609,33.0,76.0
610,610,33.0,76.0
611,611,33.0,76.0
612,612,33.0,76.0
613,613,33.0,76.0
614,614,33.0,76.0
615,615,33.0,76.0
616,616,33.0,76.0
617,617,33.0,76.0
618,618,33.0,76.0
619,619,33.0,76.0
620,620,33.0,76.0
621,621,33.0,76.0
622,622,33.0,76.0
623,623,33.0,76.0
624,624,33.0,76.0
625,625,33.0,76.0
626,626,33.0,76.0
627,627,33.0,76.0
628,628,33.0,76.0
629,629,33.0,76.0
630,630,33.0,76.0
631,631,33.0,76.0
632,632,33.0,76.0
633,633,33.0,76.0
634,634,33.0,76.0
635,635,33.0,76.0
636,636,33.0,76.0
637,637,33.0,76.0
638,638,33.0,76.0
639,639,33.0,76.0
640,640,33.0,76.0
641,641,33.0,76.0
642,642,33.0,76.0
643,643,33.0,76.0
644,644,33.0,76.0
645,645,33.0,76.0
646,646,33.0,76.0
647,647,33.0,76.0
648,648,33.0,76.0
649,649,33.0,76.0
650,650,33.0,76.0
651,651,33.0,76.0
652,652,33.0,76.0
653,653,33.0,76.0
654,654,33.0,76.0
655,655,33.0,76.0
656,656,33.0,76.0
657,657,33.0,76.0
658,658,33.0,76.0
659,659,33.0,76.0
660,660,33.0,76.0
661,661,33.0,76.0
662,662,28.0,84.0
663,663,33.0,76.0
664,664,33.0,76.0
665,665,33.0,76.0
666,666,33.0,76.0
667,667,33.0,76.0
668,668,33.0,76.0
669,669,33.0,76.0
670,670,33.0,76.0
671,671,33.0,76.0
672,672,33.0,76.0
673,673,33.0,76.0
674,674,33.0,76.0
675,675,33.0,76.0
676,676,33.0,76.0
677,677,33.0,76.0
678,678,33.0,76.0
679,679,33.0,76.0
680,680,33.0,76.0
681,681,33.0,76.0
682,682,33.0,76.0
683,683,33.0,76.0
684,684,33.0,76.0
685,685,33.0,76.0
686,686,33.0,76.0
687,687,33.0,76.0
688,688,33.0,76.0
689,689,33.0,76.0
690,690,33.0,76.0
691,691,33.0,76.0
692,692,33.0,76.0
693,693,33.0,76.0
694,694,33.0,76.0
695,695,33.0,76.0
696,696,33.0,76.0
697,697,33.0,76.0
698,698,33.0,76.0
699,699,33.0,76.0
700,700,33.0,76.0
701,701,33.0,76.0
702,702,33.0,76.0
703,703,33.0,76.0
704,704,33.0,76.0
705,705,33.0,76.0
706,706,33.0,76.0
707,707,33.0,76.0
708,708,33.0,76.0
709,709,33.0,76.0
710,710,33.0,76.0
711,711,33.0,76.0
712,712,33.0,76.0
713,713,33.0,76.0
714,714,33.0,76.0
715,715,33.0,76.0
716,716,33.0,76.0
717,717,33.0,76.0
718,718,33.0,76.0
719,719,33.0,76.0
720,720,33.0,76.0
721,721,33.0,76.0
722,722,33.0,76.0
723,723,33.0,76.0
724,724,33.0,76.0
725,725,33.0,76.0
726,726,33.0,76.0
727,727,33.0,76.0
728,728,33.0,76.0
729,729,33.0,76.0
730,730,33.0,76.0
731,731,33.0,76.0
732,732,33.0,76.0
733,733,33.0,76.0
734,734,33.0,76.0
735,735,33.0,76.0
736,736,33.0,76.0
737,737,33.0,76.0
738,738,33.0,76.0
739,739,33.0,76.0
740,740,33.0,76.0
741,741,33.0,76.0
742,742,33.0,76.0
743,743,33.0,76.0
744,744,33.0,76.0
745,745,33.0,76.0
746,746,33.0,76.0
747,747,33.0,76.0
748,748,33.0,76.0
749,749,33.0,76.0
750,750,33.0,76.0
751,751,33.0,76.0
752,752,33.0,76.0
753,753,33.0,76.0
754,754,33.0,76.0
755,755,33.0,76.0
756,756,33.0,76.0
757,757,33.0,76.0
758,758,33.0,76.0
759,759,33.0,76.0
760,760,33.0,76.0
761,761,33.0,76.0
762,762,33.0,76.0
763,763,33.0,76.0
764,764,33.0,76.0
765,765,33.0,76.0
766,766,33.0,76.0
767,767,33.0,76.0
768,768,33.0,76.0
769,769,33.0,76.0
770,770,33.0,76.0
771,771,33.0,76.0
772,772,33.0,76.0
773,773,33.0,76.0
774,774,33.0,76.0
775,775,33.0,76.0
776,776,33.0,76.0
777,777,33.0,76.0
778,778,33.0,76.0
779,779,33.0,76.0
780,780,33.0,76.0
781,781,33.0,76.0
782,782,33.0,76.0
783,783,33.0,76.0
784,784,33.0,76.0
785,785,33.0,76.0
786,786,33.0,76.0
787,787,33.0,76.0
788,788,33.0,76.0
789,789,33.0,76.0
790,790,33.0,76.0
791,791,33.0,76.0
792,792,33.0,76.0
793,793,33.0,76.0
794,794,33.0,76.0
795,795,33.0,76.0
796,796,33.0,76.0
797,797,33.0,76.0
798,798,33.0,76.0
799,799,33.0,76.0
800,800,33.0,76.0
801,801,33.0,76.0
802,802,33.0,76.0
803,803,33.0,76.0
804,804,33.0,76.0
805,805,33.0,76.0
806,806,74.0,51.0
807,807,33.0,76.0
808,808,33.0,76.0
809,809,33.0,76.0
810,810,34.0,72.0
811,811,33.0,76.0
812,812,33.0,76.0
813,813,33.0,76.0
814,814,33.0,76.0
815,815,33.0,76.0
816,816,33.0,76.0
817,817,33.0,76.0
818,818,33.0,76.0
819,819,33.0,76.0
820,820,33.0,76.0
821,821,33.0,76.0
822,822,33.0,76.0
823,823,33.0,76.0
824,824,33.0,76.0
825,825,33.0,76.0
826,826,33.0,76.0
827,827,33.0,76.0
828,828,33.0,76.0
829,829,33.0,76.0
830,830,33.0,76.0
831,831,33.0,76.0
832,832,33.0,76.0
833,833,33.0,76.0
834,834,33.0,76.0
835,835,33.0,76.0
836,836,33.0,76.0
837,837,33.0,76.0
838,838,33.0,76.0
839,839,33.0,76.0
840,840,33.0,76.0
841,841,33.0,76.0
842,842,33.0,76.0
843,843,33.0,76.0
844,844,33.0,76.0
845,845,33.0,76.0
846,846,33.0,76.0
847,847,33.0,76.0
848,848,33.0,76.0
849,849,33.0,76.0
850,850,33.0,76.0
851,851,33.0,76.0
852,852,33.0,76.0
853,853,33.0,76.0
854,854,33.0,76.0
855,855,33.0,76.0
856,856,33.0,76.0
857,857,33.0,76.0
858,858,33.0,76.0
859,859,33.0,76.0
860,860,33.0,76.0
861,861,33.0,76.0
862,862,33.0,76.0
863,863,33.0,76.0
864,864,33.0,76.0
865,865,33.0,76.0
866,866,33.0,76.0
867,867,33.0,76.0
868,868,33.0,76.0
869,869,33.0,76.0
870,870,33.0,76.0
871,871,33.0,76.0
872,872,33.0,76.0
873,873,33.0,76.0
874,874,33.0,76.0
875,875,33.0,76.0
876,876,33.0,76.0
877,877,33.0,76.0
878,878,33.0,76.0
879,879,33.0,76.0
880,880,33.0,76.0
881,881,33.0,76.0
882,882,33.0,76.0
883,883,33.0,76.0
884,884,33.0,76.0
885,885,33.0,76.0
886,886,33.0,76.0
887,887,33.0,76.0
888,888,33.0,76.0
889,889,33.0,76.0
890,890,33.0,76.0
891,891,33.0,76.0
892,892,33.0,76.0
893,893,33.0,76.0
894,894,33.0,76.0
895,895,33.0,76.0
896,896,33.0,76.0
897,897,33.0,76.0
898,898,33.0,76.0
899,899,33.0,76.0
900,900,33.0,76.0
901,901,33.0,76.0
902,902,33.0,76.0
903,903,33.0,76.0
904,904,33.0,76.0
905,905,33.0,76.0
906,906,33.0,76.0
907,907,33.0,76.0
908,908,33.0,76.0
909,909,33.0,76.0
910,910,33.0,76.0
911,911,33.0,76.0
912,912,33.0,76.0
913,913,33.0,76.0
914,914,33.0,76.0
915,915,33.0,76.0
916,916,33.0,76.0
917,917,33.0,76.0
918,918,33.0,76.0
919,919,33.0,76.0
920,920,33.0,76.0
921,921,33.0,76.0
922,922,33.0,76.0
923,923,33.0,76.0
924,924,33.0,76.0
925,925,33.0,76.0
926,926,33.0,76.0
927,927,33.0,76.0
928,928,33.0,76.0
929,929,33.0,76.0
930,930,33.0,76.0
931,931,33.0,76.0
932,932,33.0,76.0
933,933,33.0,76.0
934,934,33.0,76.0
935,935,33.0,76.0
936,936,33.0,76.0
937,937,33.0,76.0
938,938,33.0,76.0
939,939,33.0,76.0
940,940,33.0,76.0
941,941,33.0,76.0
942,942,33.0,76.0
943,943,33.0,76.0
944,944,33.0,76.0
945,945,33.0,76.0
946,946,33.0,76.0
947,947,33.0,76.0
948,948,33.0,76.0
949,949,33.0,76.0
950,950,33.0,76.0
951,951,33.0,76.0
952,952,33.0,76.0
953,953,33.0,76.0
954,954,33.0,76.0
955,955,33.0,76.0
956,956,33.0,76.0
957,957,33.0,76.0
958,958,33.0,76.0
959,959,33.0,76.0
960,960,33.0,76.0
961,961,33.0,76.0
962,962,5.0,28.0
963,963,33.0,76.0
964,964,33.0,76.0
965,965,33.0,76.0
966,966,33.0,76.0
967,967,33.0,76.0
968,968,33.0,76.0
969,969,33.0,76.0
970,970,33.0,76.0
971,971,33.0,76.0
972,972,33.0,76.0
973,973,33.0,76.0
974,974,33.0,76.0
975,975,33.0,76.0
976,976,33.0,76.0
977,977,33.0,76.0
978,978,33.0,76.0
979,979,33.0,76.0
980,980,33.0,76.0
981,981,33.0,76.0
982,982,33.0,76.0
983,983,33.0,76.0
984,984,33.0,76.0
985,985,33.0,76.0
986,986,33.0,76.0
987,987,33.0,76.0
988,988,33.0,76.0
989,989,33.0,76.0
990,990,33.0,76.0
991,991,33.0,76.0
992,992,33.0,76.0
993,993,33.0,76.0
994,994,33.0,76.0
995,995,33.0,76.0
996,996,33.0,76.0
997,997,33.0,76.0
998,998,33.0,76.0
999,999,33.0,76.0
1000,1000,33.0,76.0
1001,1001,33.0,76.0
1002,1002,33.0,76.0
1003,1003,33.0,76.0
1004,1004,33.0,76.0
1005,1005,33.0,76.0
1006,1006,33.0,76.0
1007,1007,34.0,71.0
1008,1008,33.0,76.0
1009,1009,33.0,76.0
1010,1010,33.0,76.0
1011,1011,33.0,76.0
1012,1012,33.0,76.0
1013,1013,33.0,76.0
1014,1014,33.0,76.0
1015,1015,33.0,76.0
1016,1016,33.0,76.0
1017,1017,33.0,76.0
1018,1018,33.0,76.0
1019,1019,33.0,76.0
1020,1020,33.0,76.0
1021,1021,33.0,76.0
1022,1022,33.0,76.0
1023,1023,33.0,76.0
1024,1024,33.0,76.0
1025,1025,33.0,76.0
1026,1026,33.0,76.0
1027,1027,33.0,76.0
1028,1028,33.0,76.0
1029,1029,33.0,76.0
1030,1030,33.0,76.0
1031,1031,33.0,76.0
1032,1032,33.0,76.0
1033,1033,33.0,76.0
1034,1034,33.0,76.0
1035,1035,33.0,76.0
1036,1036,33.0,76.0
1037,1037,33.0,76.0
1038,1038,33.0,76.0
1039,1039,34.0,83.0
1040,1040,33.0,76.0
1041,1041,33.0,76.0
1042,1042,33.0,76.0
1043,1043,33.0,76.0
1044,1044,33.0,76.0
1045,1045,33.0,76.0
1046,1046,33.0,76.0
1047,1047,33.0,76.0
1048,1048,33.0,76.0
1049,1049,33.0,76.0
1050,1050,33.0,76.0
1051,1051,33.0,76.0
1052,1052,33.0,76.0
1053,1053,33.0,76.0
1054,1054,33.0,76.0
1055,1055,33.0,76.0
1056,1056,33.0,76.0
1057,1057,33.0,76.0
1058,1058,33.0,76.0
1059,1059,33.0,76.0
1060,1060,33.0,76.0
1061,1061,33.0,76.0
1062,1062,33.0,76.0
1063,1063,33.0,76.0
1064,1064,33.0,76.0
1065,1065,33.0,76.0
1066,1066,33.0,76.0
1067,1067,33.0,76.0
1068,1068,33.0,76.0
1069,1069,33.0,76.0
1070,1070,33.0,76.0
1071,1071,33.0,76.0
1072,1072,33.0,76.0
1073,1073,33.0,76.0
1074,1074,33.0,76.0
1075,1075,33.0,76.0
1076,1076,33.0,76.0
1077,1077,33.0,76.0
1078,1078,33.0,76.0
1079,1079,33.0,76.0
1080,1080,33.0,76.0
1081,1081,33.0,76.0
1082,1082,33.0,76.0
1083,1083,33.0,76.0
1084,1084,33.0,76.0
1085,1085,33.0,76.0
1086,1086,33.0,76.0
1087,1087,33.0,76.0
1088,1088,33.0,76.0
1089,1089,33.0,76.0
1090,1090,33.0,76.0
1091,1091,33.0,76.0
1092,1092,33.0,76.0
1093,1093,33.0,76.0
1094,1094,33.0,76.0
1095,1095,33.0,78.0
1096,1096,33.0,76.0
1097,1097,33.0,76.0
1098,1098,33.0,76.0
1099,1099,33.0,76.0
1100,1100,33.0,76.0
1101,1101,33.0,76.0
1102,1102,33.0,76.0
1103,1103,33.0,76.0
1104,1104,33.0,76.0
1105,1105,33.0,76.0
1106,1106,33.0,76.0
1107,1107,33.0,76.0
1108,1108,33.0,76.0
1109,1109,33.0,76.0
1110,1110,33.0,76.0
1111,1111,33.0,76.0
1112,1112,33.0,76.0
1113,1113,33.0,76.0
1114,1114,33.0,76.0
1115,1115,33.0,76.0
1116,1116,33.0,76.0
1117,1117,33.0,76.0
1118,1118,33.0,76.0
1119,1119,33.0,76.0
1120,1120,33.0,76.0
1121,1121,33.0,76.0
1122,1122,33.0,76.0
1123,1123,33.0,76.0
1124,1124,33.0,76.0
1125,1125,33.0,76.0
1126,1126,33.0,76.0
1127,1127,33.0,76.0
1128,1128,33.0,76.0
1129,1129,33.0,76.0
1130,1130,33.0,76.0
1131,1131,33.0,76.0
1132,1132,33.0,76.0
1133,1133,33.0,76.0
1134,1134,33.0,76.0
1135,1135,33.0,76.0
1136,1136,33.0,76.0
1137,1137,33.0,76.0
1138,1138,33.0,76.0
1139,1139,33.0,76.0
1140,1140,33.0,76.0
1141,1141,33.0,76.0
1142,1142,33.0,76.0
1143,1143,33.0,76.0
1144,1144,33.0,76.0
1145,1145,33.0,76.0
1146,1146,33.0,76.0
1147,1147,33.0,76.0
1148,1148,33.0,76.0
1149,1149,33.0,76.0
1150,1150,33.0,76.0
1151,1151,33.0,76.0
1152,1152,33.0,76.0
1153,1153,33.0,76.0
1154,1154,33.0,76.0
1155,1155,33.0,76.0
1156,1156,33.0,76.0
1157,1157,33.0,76.0
1158,1158,33.0,76.0
1159,1159,33.0,76.0
1160,1160,33.0,76.0
1161,1161,33.0,76.0
1162,1162,33.0,76.0
1163,1163,33.0,76.0
1164,1164,33.0,76.0
1165,1165,33.0,76.0
1166,1166,33.0,76.0
1167,1167,33.0,76.0
1168,1168,33.0,76.0
1169,1169,33.0,76.0
1170,1170,33.0,76.0
1171,1171,33.0,76.0
1172,1172,33.0,76.0
1173,1173,33.0,76.0
1174,1174,33.0,76.0
1175,1175,33.0,76.0
1176,1176,33.0,76.0
1177,1177,33.0,76.0
1178,1178,33.0,76.0
1179,1179,33.0,76.0
1180,1180,33.0,76.0
1181,1181,33.0,76.0
1182,1182,33.0,76.0
1183,1183,33.0,76.0
1184,1184,33.0,76.0
1185,1185,33.0,76.0
1186,1186,33.0,76.0
1187,1187,33.0,76.0
1188,1188,33.0,76.0
1189,1189,33.0,76.0
1190,1190,33.0,76.0
1191,1191,33.0,76.0
1192,1192,33.0,76.0
1193,1193,33.0,76.0
1194,1194,33.0,76.0
1195,1195,33.0,76.0
1196,1196,33.0,76.0
1197,1197,33.0,76.0
1198,1198,33.0,76.0
1199,1199,33.0,76.0
1200,1200,33.0,76.0
1201,1201,33.0,76.0
1202,1202,31.0,82.0
1203,1203,33.0,76.0
1204,1204,33.0,76.0
1205,1205,33.0,76.0
1206,1206,33.0,76.0
1207,1207,33.0,76.0
1208,1208,30.0,76.0
1209,1209,33.0,76.0
1210,1210,33.0,76.0
1211,1211,33.0,76.0
1212,1212,33.0,76.0
1213,1213,33.0,76.0
1214,1214,33.0,76.0
1215,1215,33.0,76.0
1216,1216,33.0,76.0
1217,1217,33.0,76.0
1218,1218,33.0,76.0
1219,1219,33.0,76.0
1220,1220,33.0,76.0
1221,1221,33.0,76.0
1222,1222,33.0,76.0
1223,1223,33.0,76.0
1224,1224,33.0,76.0
1225,1225,33.0,76.0
1226,1226,33.0,76.0
1227,1227,33.0,76.0
1228,1228,33.0,76.0
1229,1229,33.0,76.0
1230,1230,33.0,76.0
1231,1231,33.0,76.0
1232,1232,33.0,76.0
1233,1233,33.0,76.0
1234,1234,36.0,75.0
1235,1235,33.0,76.0
1236,1236,33.0,76.0
1237,1237,33.0,76.0
1238,1238,33.0,76.0
1239,1239,33.0,76.0
1240,1240,33.0,76.0
1241,1241,33.0,76.0
1242,1242,33.0,76.0
1243,1243,33.0,76.0
1244,1244,33.0,76.0
1245,1245,33.0,76.0
1246,1246,33.0,76.0
1247,1247,33.0,76.0
1248,1248,33.0,76.0
1249,1249,33.0,76.0
1250,1250,33.0,76.0
1251,1251,33.0,76.0
1252,1252,33.0,76.0
1253,1253,33.0,76.0
1254,1254,33.0,76.0
1255,1255,33.0,76.0
1256,1256,33.0,76.0
1257,1257,33.0,76.0
1258,1258,33.0,76.0
1259,1259,33.0,76.0
1260,1260,33.0,76.0
1261,1261,33.0,76.0
1262,1262,33.0,76.0
1263,1263,33.0,76.0
1264,1264,33.0,76.0
1265,1265,33.0,76.0
1266,1266,33.0,76.0
1267,1267,33.0,76.0
1268,1268,33.0,76.0
1269,1269,33.0,76.0
1270,1270,33.0,76.0
1271,1271,33.0,76.0
1272,1272,33.0,76.0
1273,1273,33.0,76.0
1274,1274,33.0,76.0
1275,1275,33.0,76.0
1276,1276,33.0,76.0
1277,1277,33.0,76.0
1278,1278,33.0,76.0
1279,1279,33.0,76.0
1280,1280,33.0,76.0
1281,1281,33.0,76.0
1282,1282,33.0,76.0
1283,1283,33.0,76.0
1284,1284,33.0,76.0
1285,1285,33.0,76.0
1286,1286,33.0,76.0
1287,1287,33.0,76.0
1288,1288,33.0,76.0
1289,1289,33.0,76.0
1290,1290,33.0,76.0
1291,1291,33.0,76.0
1292,1292,33.0,76.0
1293,1293,33.0,76.0
1294,1294,33.0,76.0
1295,1295,33.0,76.0
1296,1296,33.0,76.0
1297,1297,33.0,76.0
1298,1298,33.0,76.0
1299,1299,33.0,76.0
1300,1300,31.0,79.0
1301,1301,33.0,76.0
1302,1302,33.0,76.0
1303,1303,33.0,76.0
1304,1304,33.0,76.0
1305,1305,33.0,76.0
1306,1306,33.0,76.0
1307,1307,33.0,76.0
1308,1308,33.0,76.0
1309,1309,33.0,76.0
1310,1310,33.0,76.0
1311,1311,33.0,76.0
1312,1312,33.0,76.0
1313,1313,33.0,76.0
1314,1314,33.0,76.0
1315,1315,33.0,76.0
1316,1316,33.0,76.0
1317,1317,33.0,76.0
1318,1318,33.0,76.0
1319,1319,33.0,76.0
1320,1320,33.0,76.0
1321,1321,33.0,76.0
1322,1322,33.0,76.0
1323,1323,33.0,76.0
1324,1324,33.0,76.0
1325,1325,33.0,76.0
1326,1326,33.0,76.0
1327,1327,33.0,76.0
1328,1328,33.0,76.0
1329,1329,33.0,76.0
1330,1330,33.0,76.0
1331,1331,33.0,76.0
1332,1332,33.0,76.0
1333,1333,33.0,76.0
1334,1334,33.0,76.0
1335,1335,33.0,76.0
1336,1336,33.0,76.0
1337,1337,33.0,76.0
1338,1338,33.0,76.0
1339,1339,33.0,76.0
1340,1340,33.0,76.0
1341,1341,33.0,76.0
1342,1342,33.0,76.0
1343,1343,33.0,76.0
1344,1344,33.0,76.0
1345,1345,33.0,76.0
1346,1346,33.0,76.0
1347,1347,33.0,76.0
1348,1348,33.0,76.0
1349,1349,33.0,76.0
1350,1350,33.0,76.0
1351,1351,33.0,76.0
1352,1352,33.0,76.0
1353,1353,33.0,76.0
1354,1354,33.0,76.0
1355,1355,33.0,76.0
1356,1356,33.0,76.0
1357,1357,33.0,76.0
1358,1358,33.0,76.0
1359,1359,33.0,76.0
1360,1360,33.0,76.0
1361,1361,33.0,76.0
1362,1362,33.0,76.0
1363,1363,33.0,76.0
1364,1364,33.0,76.0
1365,1365,33.0,76.0
1366,1366,33.0,76.0
1367,1367,33.0,76.0
1368,1368,33.0,76.0
1369,1369,33.0,76.0
1370,1370,33.0,76.0
1371,1371,33.0,76.0
1372,1372,33.0,76.0
1373,1373,33.0,76.0
1374,1374,33.0,76.0
1375,1375,33.0,76.0
1376,1376,33.0,76.0
1377,1377,33.0,76.0
1378,1378,33.0,76.0
1379,1379,33.0,76.0
1380,1380,33.0,76.0
1381,1381,33.0,76.0
1382,1382,33.0,76.0
1383,1383,33.0,76.0
1384,1384,33.0,76.0
1385,1385,33.0,76.0
1386,1386,33.0,76.0
1387,1387,33.0,76.0
1388,1388,33.0,76.0
1389,1389,33.0,76.0
1390,1390,33.0,76.0
1391,1391,33.0,76.0
1392,1392,33.0,76.0
1393,1393,33.0,76.0
1394,1394,33.0,76.0
1395,1395,33.0,76.0
1396,1396,33.0,76.0
1397,1397,33.0,76.0
1398,1398,33.0,76.0
1399,1399,33.0,76.0
1400,1400,33.0,76.0
1401,1401,33.0,76.0
1402,1402,33.0,76.0
1403,1403,33.0,76.0
1404,1404,33.0,76.0
1405,1405,33.0,76.0
1406,1406,33.0,76.0
1407,1407,33.0,76.0
1408,1408,33.0,76.0
1409,1409,33.0,76.0
1410,1410,33.0,76.0
1411,1411,33.0,76.0
1412,1412,33.0,76.0
1413,1413,33.0,76.0
1414,1414,33.0,76.0
1415,1415,33.0,76.0
1416,1416,33.0,76.0
1417,1417,33.0,76.0
1418,1418,33.0,76.0
1419,1419,33.0,76.0
1420,1420,33.0,76.0
1421,1421,33.0,76.0
1422,1422,33.0,76.0
1423,1423,33.0,76.0
1424,1424,33.0,76.0
1425,1425,33.0,76.0
1426,1426,33.0,76.0
1427,1427,33.0,76.0
1428,1428,33.0,76.0
1429,1429,33.0,76.0
1430,1430,33.0,76.0
1431,1431,33.0,76.0
1432,1432,33.0,76.0
1433,1433,33.0,76.0
1434,1434,33.0,76.0
1435,1435,33.0,76.0
1436,1436,33.0,76.0
1437,1437,33.0,76.0
1438,1438,33.0,76.0
1439,1439,33.0,76.0
1440,1440,33.0,76.0
1441,1441,33.0,76.0
1442,1442,33.0,76.0
1443,1443,33.0,76.0
1444,1444,33.0,76.0
1445,1445,33.0,76.0
1446,1446,33.0,76.0
1447,1447,33.0,76.0
1448,1448,33.0,76.0
1449,1449,33.0,76.0
1450,1450,33.0,76.0
1451,1451,33.0,76.0
1452,1452,33.0,76.0
1453,1453,33.0,76.0
1454,1454,33.0,76.0
1455,1455,33.0,76.0
1456,1456,33.0,76.0
1457,1457,33.0,76.0
1458,1458,33.0,76.0
1459,1459,33.0,76.0
1460,1460,33.0,76.0
1461,1461,33.0,76.0
1462,1462,33.0,76.0
1463,1463,33.0,76.0
1464,1464,33.0,76.0
1465,1465,33.0,76.0
1466,1466,33.0,76.0
1467,1467,33.0,76.0
1468,1468,33.0,76.0
1469,1469,33.0,76.0
1470,1470,33.0,76.0
1471,1471,33.0,76.0
1472,1472,33.0,76.0
1473,1473,33.0,76.0
1474,1474,33.0,76.0
1475,1475,33.0,76.0
1476,1476,33.0,76.0
1477,1477,33.0,76.0
1478,1478,33.0,76.0
1479,1479,33.0,76.0
1480,1480,33.0,76.0
1481,1481,33.0,76.0
1482,1482,33.0,76.0
1483,1483,33.0,76.0
1484,1484,33.0,76.0
1485,1485,33.0,76.0
1486,1486,33.0,76.0
1487,1487,33.0,76.0
1488,1488,33.0,76.0
1489,1489,33.0,76.0
1490,1490,33.0,76.0
1491,1491,33.0,76.0
1492,1492,33.0,76.0
1493,1493,33.0,76.0
1494,1494,33.0,76.0
1495,1495,33.0,76.0
1496,1496,33.0,76.0
1497,1497,33.0,76.0
1498,1498,33.0,76.0
1499,1499,33.0,76.0
1500,1500,33.0,76.0
1501,1501,33.0,76.0
1502,1502,33.0,76.0
1503,1503,33.0,76.0
1504,1504,33.0,76.0
1505,1505,33.0,76.0
1506,1506,33.0,76.0
1507,1507,33.0,76.0
1508,1508,33.0,76.0
1509,1509,33.0,76.0
1510,1510,33.0,76.0
1511,1511,33.0,76.0
1512,1512,33.0,76.0
1513,1513,36.0,70.0
1514,1514,33.0,76.0
1515,1515,33.0,76.0
1516,1516,33.0,76.0
1517,1517,33.0,76.0
1518,1518,33.0,76.0
1519,1519,33.0,76.0
1520,1520,33.0,76.0
1521,1521,33.0,76.0
1522,1522,33.0,76.0
1523,1523,33.0,76.0
1524,1524,33.0,76.0
1525,1525,33.0,76.0
1526,1526,33.0,76.0
1527,1527,33.0,76.0
1528,1528,33.0,76.0
1529,1529,33.0,76.0
1530,1530,34.0,72.0
1531,1531,33.0,76.0
1532,1532,33.0,76.0
1533,1533,33.0,76.0
1534,1534,33.0,76.0
1535,1535,33.0,76.0
1536,1536,33.0,76.0
1537,1537,33.0,76.0
1538,1538,33.0,76.0
1539,1539,33.0,76.0
1540,1540,33.0,76.0
1541,1541,33.0,76.0
1542,1542,33.0,76.0
1543,1543,33.0,76.0
1544,1544,33.0,76.0
1545,1545,33.0,76.0
1546,1546,33.0,76.0
1547,1547,33.0,76.0
1548,1548,33.0,76.0
1549,1549,33.0,76.0
1550,1550,33.0,76.0
1551,1551,33.0,76.0
1552,1552,33.0,76.0
1553,1553,33.0,76.0
1554,1554,33.0,76.0
1555,1555,34.0,88.0
1556,1556,33.0,76.0
1557,1557,33.0,76.0
1558,1558,33.0,76.0
1559,1559,33.0,76.0
1560,1560,31.0,76.0
1561,1561,33.0,76.0
1562,1562,33.0,76.0
1563,1563,33.0,76.0
1564,1564,33.0,76.0
1565,1565,33.0,76.0
1566,1566,33.0,76.0
1567,1567,33.0,76.0
1568,1568,33.0,76.0
1569,1569,33.0,76.0
1570,1570,33.0,76.0
1571,1571,33.0,76.0
1572,1572,33.0,76.0
1573,1573,33.0,76.0
1574,1574,33.0,76.0
1575,1575,33.0,76.0
1576,1576,33.0,76.0
1577,1577,33.0,76.0
1578,1578,33.0,76.0
1579,1579,33.0,76.0
1580,1580,33.0,76.0
1581,1581,33.0,76.0
1582,1582,35.0,79.0
1583,1583,33.0,76.0
1584,1584,33.0,76.0
1585,1585,33.0,76.0
1586,1586,33.0,76.0
1587,1587,33.0,76.0
1588,1588,33.0,76.0
1589,1589,33.0,76.0
1590,1590,33.0,76.0
1591,1591,33.0,76.0
1592,1592,34.0,78.0
1593,1593,33.0,76.0
1594,1594,33.0,76.0
1595,1595,33.0,76.0
1596,1596,33.0,76.0
1597,1597,33.0,76.0
1598,1598,33.0,76.0
1599,1599,33.0,76.0
1600,1600,33.0,76.0
1601,1601,33.0,76.0
1602,1602,33.0,76.0
1603,1603,33.0,76.0
1604,1604,33.0,76.0
1605,1605,33.0,76.0
1606,1606,33.0,76.0
1607,1607,33.0,76.0
1608,1608,33.0,76.0
1609,1609,33.0,76.0
1610,1610,33.0,76.0
1611,1611,31.0,44.0
1612,1612,33.0,76.0
1613,1613,33.0,76.0
1614,1614,33.0,76.0
1615,1615,33.0,76.0
1616,1616,33.0,76.0
1617,1617,33.0,76.0
1618,1618,33.0,76.0
1619,1619,33.0,76.0
1620,1620,33.0,76.0
1621,1621,33.0,76.0
1622,1622,33.0,76.0
1623,1623,33.0,76.0
1624,1624,33.0,76.0
1625,1625,33.0,76.0
1626,1626,33.0,76.0
1627,1627,33.0,76.0
1628,1628,33.0,76.0
1629,1629,33.0,76.0
1630,1630,33.0,76.0
1631,1631,33.0,76.0
1632,1632,33.0,76.0
1633,1633,33.0,76.0
1634,1634,33.0,76.0
1635,1635,33.0,76.0
1636,1636,33.0,76.0
1637,1637,33.0,76.0
1638,1638,33.0,76.0
1639,1639,33.0,76.0
1640,1640,33.0,76.0
1641,1641,33.0,76.0
1642,1642,33.0,76.0
1643,1643,33.0,76.0
1644,1644,33.0,76.0
1645,1645,33.0,76.0
1646,1646,44.0,84.0
1647,1647,33.0,76.0
1648,1648,33.0,76.0
1649,1649,33.0,76.0
1650,1650,33.0,76.0
1651,1651,33.0,76.0
1652,1652,33.0,76.0
1653,1653,33.0,76.0
1654,1654,33.0,76.0
1655,1655,33.0,76.0
1656,1656,33.0,76.0
1657,1657,33.0,76.0
1658,1658,33.0,76.0
1659,1659,33.0,76.0
1660,1660,33.0,76.0
1661,1661,33.0,76.0
1662,1662,33.0,76.0
1663,1663,33.0,76.0
1664,1664,33.0,76.0
1665,1665,33.0,76.0
1666,1666,33.0,76.0
1667,1667,33.0,76.0
1668,1668,33.0,76.0
1669,1669,33.0,76.0
1670,1670,33.0,76.0
1671,1671,33.0,76.0
1672,1672,33.0,76.0
1673,1673,33.0,76.0
1674,1674,33.0,76.0
1675,1675,33.0,76.0
1676,1676,33.0,76.0
1677,1677,33.0,76.0
1678,1678,33.0,76.0
1679,1679,33.0,76.0
1680,1680,33.0,76.0
1681,1681,33.0,76.0
1682,1682,33.0,76.0
1683,1683,34.0,77.0
1684,1684,33.0,76.0
1685,1685,34.0,72.0
1686,1686,33.0,76.0
1687,1687,33.0,76.0
1688,1688,33.0,76.0
1689,1689,33.0,76.0
1690,1690,33.0,76.0
1691,1691,33.0,76.0
1692,1692,33.0,76.0
1693,1693,33.0,76.0
1694,1694,33.0,76.0
1695,1695,33.0,76.0
1696,1696,33.0,76.0
1697,1697,33.0,76.0
1698,1698,33.0,76.0
1699,1699,33.0,76.0
1700,1700,33.0,76.0
1701,1701,33.0,76.0
1702,1702,33.0,76.0
1703,1703,33.0,76.0
1704,1704,33.0,76.0
1705,1705,33.0,76.0
1706,1706,33.0,76.0
1707,1707,33.0,76.0
1708,1708,33.0,76.0
1709,1709,33.0,76.0
1710,1710,33.0,76.0
1711,1711,33.0,76.0
1712,1712,33.0,76.0
1713,1713,33.0,76.0
1714,1714,33.0,76.0
1715,1715,33.0,76.0
1716,1716,33.0,76.0
1717,1717,33.0,76.0
1718,1718,33.0,76.0
1719,1719,33.0,76.0
1720,1720,33.0,76.0
1721,1721,33.0,76.0
1722,1722,33.0,76.0
1723,1723,33.0,76.0
1724,1724,33.0,76.0
1725,1725,33.0,76.0
1726,1726,33.0,76.0
1727,1727,33.0,76.0
1728,1728,33.0,76.0
1729,1729,33.0,76.0
1730,1730,33.0,76.0
1731,1731,33.0,76.0
1732,1732,33.0,76.0
1733,1733,33.0,76.0
1734,1734,33.0,76.0
1735,1735,33.0,76.0
1736,1736,33.0,76.0
1737,1737,33.0,76.0
1738,1738,33.0,76.0
1739,1739,33.0,76.0
1740,1740,33.0,76.0
1741,1741,33.0,76.0
1742,1742,33.0,76.0
1743,1743,33.0,76.0
1744,1744,33.0,76.0
1745,1745,33.0,76.0
1746,1746,33.0,76.0
1747,1747,33.0,76.0
1748,1748,33.0,76.0
1749,1749,28.0,80.0
1750,1750,33.0,76.0
1751,1751,33.0,76.0
1752,1752,33.0,76.0
1753,1753,33.0,76.0
1754,1754,33.0,76.0
1755,1755,33.0,76.0
1756,1756,33.0,76.0
1757,1757,33.0,76.0
1758,1758,33.0,76.0
1759,1759,33.0,76.0
1760,1760,33.0,76.0
1761,1761,33.0,76.0
1762,1762,33.0,76.0
1763,1763,33.0,76.0
1764,1764,33.0,76.0
1765,1765,33.0,76.0
1766,1766,33.0,76.0
1767,1767,33.0,76.0
1768,1768,33.0,76.0
1769,1769,33.0,76.0
1770,1770,33.0,76.0
1771,1771,33.0,76.0
1772,1772,33.0,76.0
1773,1773,33.0,76.0
1774,1774,33.0,76.0
1775,1775,33.0,76.0
1776,1776,33.0,76.0
1777,1777,33.0,76.0
1778,1778,33.0,76.0
1779,1779,33.0,76.0
1780,1780,33.0,76.0
1781,1781,33.0,76.0
1782,1782,33.0,76.0
