,imageID,nose_tip_x,nose_tip_y
0,0,47.0,56.0
1,1,46.0,64.0
2,2,47.0,56.0
3,3,47.0,56.0
4,4,49.0,62.0
5,5,47.0,56.0
6,6,47.0,56.0
7,7,51.0,57.0
8,8,47.0,56.0
9,9,47.0,56.0
10,10,52.0,66.0
11,11,48.0,58.0
12,12,47.0,58.0
13,13,50.0,64.0
14,14,46.0,64.0
15,15,46.0,64.0
16,16,48.0,69.0
17,17,47.0,56.0
18,18,47.0,56.0
19,19,49.0,54.0
20,20,51.0,66.0
21,21,48.0,59.0
22,22,46.0,64.0
23,23,46.0,64.0
24,24,55.0,59.0
25,25,47.0,56.0
26,26,46.0,64.0
27,27,47.0,56.0
28,28,46.0,64.0
29,29,48.0,54.0
30,30,47.0,56.0
31,31,47.0,56.0
32,32,55.0,59.0
33,33,48.0,60.0
34,34,48.0,58.0
35,35,47.0,56.0
36,36,45.0,57.0
37,37,48.0,60.0
38,38,47.0,56.0
39,39,47.0,56.0
40,40,47.0,56.0
41,41,47.0,56.0
42,42,50.0,64.0
43,43,50.0,64.0
44,44,55.0,59.0
45,45,47.0,56.0
46,46,52.0,66.0
47,47,47.0,58.0
48,48,55.0,59.0
49,49,55.0,59.0
50,50,46.0,64.0
51,51,51.0,67.0
52,52,47.0,62.0
53,53,48.0,60.0
54,54,47.0,56.0
55,55,46.0,63.0
56,56,48.0,59.0
57,57,48.0,60.0
58,58,50.0,64.0
59,59,46.0,64.0
60,60,48.0,58.0
61,61,48.0,60.0
62,62,47.0,56.0
63,63,47.0,70.0
64,64,48.0,58.0
65,65,47.0,56.0
66,66,47.0,56.0
67,67,55.0,59.0
68,68,47.0,56.0
69,69,55.0,59.0
70,70,55.0,59.0
71,71,46.0,64.0
72,72,44.0,59.0
73,73,47.0,56.0
74,74,48.0,58.0
75,75,49.0,54.0
76,76,47.0,56.0
77,77,47.0,56.0
78,78,49.0,62.0
79,79,51.0,57.0
80,80,48.0,58.0
81,81,46.0,64.0
82,82,53.0,65.0
83,83,53.0,65.0
84,84,47.0,62.0
85,85,48.0,58.0
86,86,54.0,63.0
87,87,47.0,56.0
88,88,46.0,63.0
89,89,54.0,63.0
90,90,47.0,56.0
91,91,47.0,56.0
92,92,48.0,60.0
93,93,47.0,56.0
94,94,47.0,56.0
95,95,48.0,58.0
96,96,50.0,61.0
97,97,55.0,59.0
98,98,47.0,56.0
99,99,51.0,66.0
100,100,48.0,68.0
101,101,50.0,64.0
102,102,48.0,58.0
103,103,47.0,56.0
104,104,47.0,56.0
105,105,48.0,59.0
106,106,47.0,67.0
107,107,47.0,56.0
108,108,47.0,56.0
109,109,55.0,59.0
110,110,47.0,56.0
111,111,55.0,59.0
112,112,51.0,57.0
113,113,50.0,64.0
114,114,48.0,60.0
115,115,47.0,56.0
116,116,47.0,56.0
117,117,45.0,65.0
118,118,48.0,60.0
119,119,55.0,59.0
120,120,55.0,59.0
121,121,50.0,64.0
122,122,47.0,56.0
123,123,47.0,56.0
124,124,47.0,56.0
125,125,47.0,56.0
126,126,48.0,58.0
127,127,47.0,56.0
128,128,48.0,60.0
129,129,46.0,64.0
130,130,47.0,56.0
131,131,47.0,56.0
132,132,47.0,56.0
133,133,50.0,64.0
134,134,48.0,60.0
135,135,46.0,64.0
136,136,47.0,56.0
137,137,50.0,64.0
138,138,46.0,64.0
139,139,50.0,64.0
140,140,47.0,56.0
141,141,55.0,59.0
142,142,46.0,64.0
143,143,48.0,66.0
144,144,47.0,56.0
145,145,47.0,56.0
146,146,50.0,55.0
147,147,55.0,59.0
148,148,46.0,64.0
149,149,47.0,56.0
150,150,47.0,56.0
151,151,47.0,56.0
152,152,48.0,59.0
153,153,46.0,64.0
154,154,47.0,56.0
155,155,47.0,56.0
156,156,55.0,59.0
157,157,48.0,60.0
158,158,50.0,66.0
159,159,46.0,69.0
160,160,47.0,67.0
161,161,55.0,59.0
162,162,47.0,56.0
163,163,55.0,59.0
164,164,47.0,56.0
165,165,47.0,66.0
166,166,52.0,66.0
167,167,47.0,56.0
168,168,50.0,64.0
169,169,47.0,67.0
170,170,47.0,56.0
171,171,47.0,56.0
172,172,48.0,54.0
173,173,47.0,63.0
174,174,48.0,58.0
175,175,50.0,61.0
176,176,47.0,56.0
177,177,50.0,61.0
178,178,47.0,56.0
179,179,49.0,62.0
180,180,55.0,59.0
181,181,47.0,56.0
182,182,47.0,56.0
183,183,49.0,55.0
184,184,50.0,59.0
185,185,52.0,66.0
186,186,48.0,58.0
187,187,55.0,59.0
188,188,48.0,59.0
189,189,47.0,56.0
190,190,47.0,56.0
191,191,48.0,58.0
192,192,47.0,56.0
193,193,47.0,56.0
194,194,44.0,59.0
195,195,48.0,60.0
196,196,46.0,64.0
197,197,47.0,56.0
198,198,48.0,60.0
199,199,47.0,56.0
200,200,47.0,56.0
201,201,45.0,69.0
202,202,50.0,61.0
203,203,46.0,63.0
204,204,50.0,64.0
205,205,50.0,61.0
206,206,48.0,45.0
207,207,48.0,58.0
208,208,47.0,56.0
209,209,55.0,59.0
210,210,52.0,62.0
211,211,47.0,70.0
212,212,48.0,60.0
213,213,49.0,55.0
214,214,47.0,56.0
215,215,50.0,64.0
216,216,47.0,56.0
217,217,47.0,56.0
218,218,48.0,68.0
219,219,47.0,56.0
220,220,45.0,66.0
221,221,52.0,66.0
222,222,47.0,56.0
223,223,48.0,64.0
224,224,47.0,56.0
225,225,47.0,62.0
226,226,49.0,62.0
227,227,48.0,57.0
228,228,47.0,56.0
229,229,55.0,59.0
230,230,51.0,67.0
231,231,46.0,64.0
232,232,47.0,56.0
233,233,48.0,58.0
234,234,51.0,57.0
235,235,52.0,66.0
236,236,51.0,64.0
237,237,52.0,62.0
238,238,46.0,64.0
239,239,47.0,56.0
240,240,51.0,67.0
241,241,48.0,58.0
242,242,48.0,60.0
243,243,48.0,59.0
244,244,49.0,54.0
245,245,46.0,63.0
246,246,52.0,62.0
247,247,49.0,62.0
248,248,52.0,62.0
249,249,47.0,56.0
250,250,52.0,66.0
251,251,49.0,62.0
252,252,47.0,56.0
253,253,46.0,64.0
254,254,51.0,67.0
255,255,47.0,56.0
256,256,50.0,64.0
257,257,47.0,56.0
258,258,47.0,56.0
259,259,47.0,56.0
260,260,55.0,59.0
261,261,52.0,62.0
262,262,48.0,60.0
263,263,50.0,61.0
264,264,47.0,56.0
265,265,47.0,56.0
266,266,50.0,64.0
267,267,47.0,56.0
268,268,55.0,59.0
269,269,55.0,59.0
270,270,49.0,62.0
271,271,55.0,59.0
272,272,46.0,64.0
273,273,47.0,56.0
274,274,48.0,57.0
275,275,47.0,66.0
276,276,46.0,64.0
277,277,47.0,66.0
278,278,50.0,64.0
279,279,47.0,56.0
280,280,47.0,56.0
281,281,49.0,62.0
282,282,48.0,58.0
283,283,48.0,60.0
284,284,48.0,58.0
285,285,45.0,66.0
286,286,52.0,62.0
287,287,48.0,54.0
288,288,46.0,64.0
289,289,47.0,56.0
290,290,47.0,56.0
291,291,48.0,58.0
292,292,47.0,56.0
293,293,47.0,56.0
294,294,49.0,62.0
295,295,47.0,56.0
296,296,50.0,64.0
297,297,48.0,68.0
298,298,47.0,56.0
299,299,52.0,66.0
300,300,48.0,59.0
301,301,50.0,64.0
302,302,55.0,59.0
303,303,50.0,59.0
304,304,47.0,56.0
305,305,49.0,62.0
306,306,48.0,60.0
307,307,48.0,58.0
308,308,49.0,58.0
309,309,44.0,59.0
310,310,45.0,66.0
311,311,48.0,58.0
312,312,48.0,60.0
313,313,47.0,56.0
314,314,46.0,64.0
315,315,47.0,56.0
316,316,47.0,56.0
317,317,47.0,56.0
318,318,50.0,64.0
319,319,48.0,60.0
320,320,47.0,56.0
321,321,47.0,56.0
322,322,47.0,56.0
323,323,50.0,66.0
324,324,47.0,56.0
325,325,47.0,56.0
326,326,51.0,60.0
327,327,48.0,59.0
328,328,55.0,59.0
329,329,48.0,58.0
330,330,45.0,66.0
331,331,47.0,62.0
332,332,45.0,68.0
333,333,48.0,58.0
334,334,44.0,59.0
335,335,47.0,56.0
336,336,47.0,56.0
337,337,49.0,62.0
338,338,48.0,58.0
339,339,48.0,68.0
340,340,44.0,68.0
341,341,47.0,56.0
342,342,51.0,60.0
343,343,51.0,66.0
344,344,51.0,57.0
345,345,47.0,56.0
346,346,47.0,56.0
347,347,46.0,64.0
348,348,44.0,59.0
349,349,46.0,64.0
350,350,52.0,63.0
351,351,49.0,59.0
352,352,50.0,61.0
353,353,49.0,61.0
354,354,46.0,64.0
355,355,48.0,60.0
356,356,52.0,62.0
357,357,48.0,58.0
358,358,50.0,64.0
359,359,50.0,61.0
360,360,55.0,59.0
361,361,50.0,61.0
362,362,47.0,56.0
363,363,47.0,56.0
364,364,46.0,64.0
365,365,47.0,56.0
366,366,46.0,64.0
367,367,52.0,66.0
368,368,51.0,57.0
369,369,47.0,56.0
370,370,45.0,66.0
371,371,48.0,58.0
372,372,47.0,62.0
373,373,55.0,59.0
374,374,47.0,56.0
375,375,50.0,61.0
376,376,49.0,65.0
377,377,46.0,64.0
378,378,55.0,59.0
379,379,47.0,56.0
380,380,47.0,56.0
381,381,48.0,55.0
382,382,50.0,64.0
383,383,46.0,64.0
384,384,48.0,58.0
385,385,46.0,64.0
386,386,49.0,61.0
387,387,52.0,66.0
388,388,50.0,66.0
389,389,49.0,62.0
390,390,47.0,56.0
391,391,47.0,56.0
392,392,48.0,58.0
393,393,48.0,68.0
394,394,50.0,61.0
395,395,55.0,59.0
396,396,49.0,65.0
397,397,51.0,64.0
398,398,47.0,56.0
399,399,47.0,58.0
400,400,44.0,69.0
401,401,55.0,59.0
402,402,51.0,66.0
403,403,45.0,66.0
404,404,55.0,59.0
405,405,55.0,63.0
406,406,52.0,63.0
407,407,47.0,67.0
408,408,47.0,56.0
409,409,51.0,66.0
410,410,48.0,60.0
411,411,47.0,66.0
412,412,48.0,58.0
413,413,47.0,56.0
414,414,55.0,59.0
415,415,52.0,62.0
416,416,47.0,56.0
417,417,48.0,58.0
418,418,48.0,60.0
419,419,55.0,59.0
420,420,55.0,59.0
421,421,47.0,67.0
422,422,48.0,68.0
423,423,55.0,59.0
424,424,47.0,56.0
425,425,48.0,60.0
426,426,47.0,56.0
427,427,55.0,59.0
428,428,55.0,59.0
429,429,49.0,64.0
430,430,55.0,59.0
431,431,46.0,64.0
432,432,48.0,68.0
433,433,48.0,55.0
434,434,47.0,70.0
435,435,52.0,63.0
436,436,48.0,58.0
437,437,47.0,67.0
438,438,44.0,59.0
439,439,47.0,56.0
440,440,47.0,56.0
441,441,47.0,56.0
442,442,46.0,64.0
443,443,48.0,58.0
444,444,48.0,60.0
445,445,46.0,64.0
446,446,47.0,56.0
447,447,55.0,59.0
448,448,52.0,66.0
449,449,55.0,59.0
450,450,50.0,64.0
451,451,47.0,56.0
452,452,55.0,59.0
453,453,52.0,66.0
454,454,46.0,64.0
455,455,48.0,60.0
456,456,51.0,67.0
457,457,49.0,66.0
458,458,47.0,56.0
459,459,55.0,59.0
460,460,55.0,59.0
461,461,51.0,66.0
462,462,47.0,56.0
463,463,55.0,59.0
464,464,47.0,66.0
465,465,55.0,59.0
466,466,48.0,66.0
467,467,47.0,56.0
468,468,47.0,67.0
469,469,48.0,60.0
470,470,51.0,57.0
471,471,46.0,64.0
472,472,46.0,64.0
473,473,51.0,66.0
474,474,55.0,59.0
475,475,47.0,67.0
476,476,52.0,63.0
477,477,55.0,59.0
478,478,55.0,59.0
479,479,50.0,66.0
480,480,52.0,66.0
481,481,50.0,64.0
482,482,45.0,65.0
483,483,55.0,59.0
484,484,51.0,66.0
485,485,55.0,59.0
486,486,47.0,56.0
487,487,47.0,56.0
488,488,48.0,65.0
489,489,47.0,56.0
490,490,47.0,56.0
491,491,52.0,62.0
492,492,48.0,57.0
493,493,54.0,63.0
494,494,55.0,59.0
495,495,47.0,58.0
496,496,50.0,61.0
497,497,47.0,67.0
498,498,46.0,64.0
499,499,55.0,59.0
500,500,51.0,57.0
501,501,46.0,64.0
502,502,44.0,69.0
503,503,46.0,64.0
504,504,55.0,59.0
505,505,55.0,59.0
506,506,51.0,66.0
507,507,55.0,59.0
508,508,48.0,58.0
509,509,48.0,58.0
510,510,49.0,69.0
511,511,47.0,56.0
512,512,50.0,61.0
513,513,49.0,62.0
514,514,52.0,66.0
515,515,52.0,62.0
516,516,47.0,56.0
517,517,47.0,56.0
518,518,50.0,64.0
519,519,45.0,66.0
520,520,46.0,64.0
521,521,55.0,59.0
522,522,47.0,66.0
523,523,55.0,59.0
524,524,55.0,59.0
525,525,50.0,63.0
526,526,48.0,68.0
527,527,47.0,56.0
528,528,48.0,68.0
529,529,47.0,56.0
530,530,46.0,64.0
531,531,47.0,56.0
532,532,48.0,68.0
533,533,50.0,61.0
534,534,44.0,69.0
535,535,48.0,68.0
536,536,47.0,56.0
537,537,47.0,56.0
538,538,46.0,64.0
539,539,51.0,57.0
540,540,55.0,59.0
541,541,47.0,56.0
542,542,51.0,67.0
543,543,55.0,59.0
544,544,51.0,60.0
545,545,47.0,67.0
546,546,51.0,66.0
547,547,47.0,56.0
548,548,49.0,59.0
549,549,48.0,58.0
550,550,55.0,59.0
551,551,47.0,56.0
552,552,48.0,68.0
553,553,47.0,58.0
554,554,45.0,69.0
555,555,55.0,59.0
556,556,47.0,56.0
557,557,55.0,59.0
558,558,49.0,55.0
559,559,55.0,59.0
560,560,47.0,56.0
561,561,52.0,62.0
562,562,47.0,56.0
563,563,46.0,64.0
564,564,47.0,60.0
565,565,47.0,62.0
566,566,46.0,64.0
567,567,47.0,66.0
568,568,47.0,56.0
569,569,52.0,63.0
570,570,52.0,62.0
571,571,48.0,60.0
572,572,51.0,66.0
573,573,50.0,66.0
574,574,47.0,56.0
575,575,44.0,59.0
576,576,48.0,58.0
577,577,55.0,59.0
578,578,48.0,60.0
579,579,50.0,66.0
580,580,50.0,66.0
581,581,48.0,69.0
582,582,55.0,59.0
583,583,47.0,56.0
584,584,51.0,57.0
585,585,53.0,65.0
586,586,51.0,66.0
587,587,52.0,63.0
588,588,48.0,68.0
589,589,47.0,56.0
590,590,51.0,67.0
591,591,50.0,64.0
592,592,47.0,62.0
593,593,55.0,59.0
594,594,55.0,59.0
595,595,46.0,64.0
596,596,46.0,64.0
597,597,48.0,60.0
598,598,52.0,66.0
599,599,55.0,59.0
600,600,48.0,58.0
601,601,47.0,56.0
602,602,52.0,66.0
603,603,47.0,56.0
604,604,46.0,64.0
605,605,50.0,64.0
606,606,54.0,63.0
607,607,55.0,59.0
608,608,49.0,65.0
609,609,47.0,56.0
610,610,47.0,56.0
611,611,55.0,59.0
612,612,51.0,66.0
613,613,46.0,63.0
614,614,55.0,59.0
615,615,55.0,59.0
616,616,49.0,61.0
617,617,55.0,59.0
618,618,48.0,69.0
619,619,55.0,59.0
620,620,47.0,56.0
621,621,48.0,68.0
622,622,49.0,63.0
623,623,47.0,56.0
624,624,52.0,62.0
625,625,50.0,64.0
626,626,48.0,60.0
627,627,49.0,62.0
628,628,48.0,58.0
629,629,49.0,69.0
630,630,47.0,67.0
631,631,48.0,58.0
632,632,47.0,56.0
633,633,52.0,66.0
634,634,55.0,59.0
635,635,50.0,64.0
636,636,48.0,70.0
637,637,55.0,59.0
638,638,47.0,56.0
639,639,46.0,63.0
640,640,50.0,64.0
641,641,46.0,64.0
642,642,44.0,69.0
643,643,46.0,64.0
644,644,50.0,64.0
645,645,47.0,56.0
646,646,55.0,61.0
647,647,50.0,61.0
648,648,55.0,59.0
649,649,47.0,66.0
650,650,48.0,68.0
651,651,51.0,66.0
652,652,46.0,64.0
653,653,55.0,59.0
654,654,48.0,58.0
655,655,47.0,56.0
656,656,46.0,64.0
657,657,55.0,59.0
658,658,46.0,64.0
659,659,52.0,66.0
660,660,51.0,66.0
661,661,47.0,56.0
662,662,47.0,56.0
663,663,55.0,59.0
664,664,52.0,66.0
665,665,51.0,66.0
666,666,49.0,59.0
667,667,50.0,64.0
668,668,55.0,59.0
669,669,48.0,58.0
670,670,51.0,66.0
671,671,46.0,64.0
672,672,47.0,56.0
673,673,46.0,64.0
674,674,51.0,66.0
675,675,47.0,56.0
676,676,47.0,56.0
677,677,52.0,66.0
678,678,44.0,59.0
679,679,47.0,56.0
680,680,55.0,59.0
681,681,55.0,59.0
682,682,55.0,59.0
683,683,47.0,62.0
684,684,47.0,56.0
685,685,47.0,56.0
686,686,47.0,67.0
687,687,50.0,64.0
688,688,55.0,59.0
689,689,44.0,69.0
690,690,45.0,66.0
691,691,48.0,60.0
692,692,55.0,59.0
693,693,47.0,56.0
694,694,52.0,62.0
695,695,55.0,59.0
696,696,48.0,58.0
697,697,51.0,66.0
698,698,47.0,56.0
699,699,52.0,66.0
700,700,55.0,59.0
701,701,46.0,64.0
702,702,52.0,62.0
703,703,46.0,61.0
704,704,47.0,67.0
705,705,47.0,56.0
706,706,46.0,64.0
707,707,46.0,64.0
708,708,46.0,64.0
709,709,52.0,66.0
710,710,55.0,59.0
711,711,50.0,64.0
712,712,47.0,56.0
713,713,48.0,60.0
714,714,55.0,59.0
715,715,51.0,66.0
716,716,55.0,59.0
717,717,49.0,65.0
718,718,52.0,66.0
719,719,46.0,64.0
720,720,47.0,56.0
721,721,47.0,56.0
722,722,55.0,59.0
723,723,47.0,56.0
724,724,46.0,64.0
725,725,46.0,64.0
726,726,46.0,63.0
727,727,48.0,58.0
728,728,46.0,64.0
729,729,48.0,60.0
730,730,52.0,66.0
731,731,51.0,66.0
732,732,51.0,67.0
733,733,47.0,56.0
734,734,48.0,58.0
735,735,55.0,59.0
736,736,52.0,66.0
737,737,55.0,59.0
738,738,55.0,59.0
739,739,48.0,60.0
740,740,48.0,68.0
741,741,47.0,67.0
742,742,50.0,64.0
743,743,46.0,64.0
744,744,52.0,62.0
745,745,55.0,59.0
746,746,47.0,67.0
747,747,50.0,66.0
748,748,46.0,64.0
749,749,48.0,58.0
750,750,55.0,59.0
751,751,48.0,68.0
752,752,50.0,61.0
753,753,51.0,66.0
754,754,47.0,66.0
755,755,48.0,58.0
756,756,51.0,66.0
757,757,50.0,64.0
758,758,48.0,60.0
759,759,50.0,64.0
760,760,47.0,56.0
761,761,55.0,59.0
762,762,48.0,66.0
763,763,47.0,56.0
764,764,55.0,59.0
765,765,52.0,66.0
766,766,48.0,58.0
767,767,46.0,64.0
768,768,46.0,64.0
769,769,47.0,56.0
770,770,47.0,56.0
771,771,47.0,56.0
772,772,47.0,56.0
773,773,44.0,59.0
774,774,55.0,59.0
775,775,46.0,64.0
776,776,48.0,68.0
777,777,55.0,59.0
778,778,47.0,56.0
779,779,46.0,64.0
780,780,55.0,59.0
781,781,50.0,64.0
782,782,51.0,67.0
783,783,47.0,56.0
784,784,52.0,62.0
785,785,47.0,56.0
786,786,52.0,66.0
787,787,47.0,56.0
788,788,49.0,61.0
789,789,47.0,56.0
790,790,47.0,67.0
791,791,55.0,59.0
792,792,46.0,64.0
793,793,47.0,56.0
794,794,47.0,56.0
795,795,47.0,56.0
796,796,48.0,58.0
797,797,47.0,56.0
798,798,47.0,56.0
799,799,48.0,58.0
800,800,54.0,63.0
801,801,46.0,64.0
802,802,55.0,59.0
803,803,49.0,55.0
804,804,55.0,59.0
805,805,49.0,68.0
806,806,50.0,64.0
807,807,44.0,59.0
808,808,44.0,59.0
809,809,51.0,67.0
810,810,50.0,59.0
811,811,55.0,59.0
812,812,55.0,59.0
813,813,46.0,64.0
814,814,46.0,64.0
815,815,46.0,64.0
816,816,51.0,66.0
817,817,46.0,64.0
818,818,55.0,59.0
819,819,50.0,64.0
820,820,55.0,59.0
821,821,50.0,64.0
822,822,47.0,56.0
823,823,47.0,56.0
824,824,51.0,66.0
825,825,49.0,61.0
826,826,55.0,59.0
827,827,51.0,66.0
828,828,48.0,60.0
829,829,55.0,59.0
830,830,51.0,66.0
831,831,50.0,62.0
832,832,49.0,61.0
833,833,55.0,59.0
834,834,47.0,56.0
835,835,55.0,59.0
836,836,46.0,64.0
837,837,55.0,59.0
838,838,47.0,56.0
839,839,55.0,59.0
840,840,47.0,56.0
841,841,55.0,59.0
842,842,44.0,59.0
843,843,55.0,59.0
844,844,54.0,63.0
845,845,47.0,56.0
846,846,47.0,56.0
847,847,51.0,66.0
848,848,55.0,59.0
849,849,47.0,56.0
850,850,46.0,64.0
851,851,55.0,59.0
852,852,47.0,56.0
853,853,50.0,64.0
854,854,44.0,59.0
855,855,55.0,59.0
856,856,48.0,60.0
857,857,55.0,59.0
858,858,50.0,64.0
859,859,55.0,59.0
860,860,52.0,66.0
861,861,46.0,64.0
862,862,55.0,59.0
863,863,47.0,56.0
864,864,47.0,67.0
865,865,47.0,56.0
866,866,51.0,66.0
867,867,46.0,64.0
868,868,55.0,59.0
869,869,50.0,64.0
870,870,52.0,62.0
871,871,55.0,59.0
872,872,47.0,56.0
873,873,55.0,59.0
874,874,48.0,58.0
875,875,46.0,64.0
876,876,50.0,64.0
877,877,47.0,63.0
878,878,46.0,64.0
879,879,46.0,64.0
880,880,48.0,69.0
881,881,52.0,62.0
882,882,49.0,58.0
883,883,47.0,66.0
884,884,46.0,64.0
885,885,50.0,66.0
886,886,48.0,59.0
887,887,55.0,59.0
888,888,51.0,66.0
889,889,49.0,61.0
890,890,47.0,56.0
891,891,48.0,68.0
892,892,47.0,56.0
893,893,48.0,60.0
894,894,50.0,64.0
895,895,48.0,68.0
896,896,49.0,63.0
897,897,51.0,66.0
898,898,47.0,56.0
899,899,55.0,59.0
900,900,55.0,59.0
901,901,48.0,60.0
902,902,48.0,66.0
903,903,52.0,66.0
904,904,52.0,62.0
905,905,47.0,56.0
906,906,52.0,66.0
907,907,51.0,66.0
908,908,47.0,56.0
909,909,48.0,65.0
910,910,51.0,57.0
911,911,55.0,59.0
912,912,55.0,59.0
913,913,46.0,63.0
914,914,49.0,66.0
915,915,47.0,56.0
916,916,47.0,56.0
917,917,46.0,64.0
918,918,48.0,69.0
919,919,48.0,60.0
920,920,48.0,60.0
921,921,52.0,62.0
922,922,50.0,64.0
923,923,51.0,66.0
924,924,48.0,58.0
925,925,46.0,64.0
926,926,55.0,59.0
927,927,48.0,58.0
928,928,46.0,64.0
929,929,48.0,65.0
930,930,44.0,59.0
931,931,52.0,66.0
932,932,52.0,62.0
933,933,50.0,61.0
934,934,48.0,60.0
935,935,47.0,67.0
936,936,50.0,64.0
937,937,47.0,58.0
938,938,55.0,59.0
939,939,52.0,62.0
940,940,50.0,64.0
941,941,55.0,59.0
942,942,47.0,56.0
943,943,51.0,60.0
944,944,55.0,59.0
945,945,53.0,65.0
946,946,55.0,59.0
947,947,46.0,64.0
948,948,47.0,56.0
949,949,47.0,56.0
950,950,50.0,64.0
951,951,50.0,64.0
952,952,47.0,56.0
953,953,47.0,56.0
954,954,52.0,62.0
955,955,47.0,56.0
956,956,46.0,64.0
957,957,50.0,64.0
958,958,55.0,59.0
959,959,55.0,59.0
960,960,55.0,59.0
961,961,52.0,66.0
962,962,45.0,66.0
963,963,47.0,56.0
964,964,55.0,59.0
965,965,49.0,55.0
966,966,55.0,59.0
967,967,50.0,61.0
968,968,47.0,56.0
969,969,47.0,56.0
970,970,47.0,56.0
971,971,55.0,59.0
972,972,46.0,64.0
973,973,50.0,57.0
974,974,52.0,66.0
975,975,47.0,56.0
976,976,46.0,64.0
977,977,47.0,67.0
978,978,46.0,64.0
979,979,55.0,59.0
980,980,51.0,67.0
981,981,47.0,56.0
982,982,50.0,66.0
983,983,48.0,58.0
984,984,46.0,63.0
985,985,51.0,65.0
986,986,49.0,63.0
987,987,51.0,67.0
988,988,44.0,59.0
989,989,47.0,56.0
990,990,55.0,59.0
991,991,48.0,63.0
992,992,46.0,64.0
993,993,46.0,64.0
994,994,49.0,64.0
995,995,48.0,58.0
996,996,47.0,56.0
997,997,55.0,59.0
998,998,50.0,61.0
999,999,51.0,66.0
1000,1000,55.0,59.0
1001,1001,55.0,59.0
1002,1002,55.0,59.0
1003,1003,52.0,66.0
1004,1004,47.0,56.0
1005,1005,46.0,64.0
1006,1006,46.0,64.0
1007,1007,48.0,59.0
1008,1008,55.0,59.0
1009,1009,48.0,54.0
1010,1010,49.0,55.0
1011,1011,48.0,58.0
1012,1012,51.0,64.0
1013,1013,55.0,59.0
1014,1014,55.0,59.0
1015,1015,55.0,59.0
1016,1016,47.0,62.0
1017,1017,50.0,64.0
1018,1018,52.0,66.0
1019,1019,55.0,59.0
1020,1020,55.0,59.0
1021,1021,46.0,64.0
1022,1022,47.0,56.0
1023,1023,47.0,56.0
1024,1024,50.0,62.0
1025,1025,47.0,56.0
1026,1026,49.0,61.0
1027,1027,51.0,65.0
1028,1028,54.0,63.0
1029,1029,55.0,59.0
1030,1030,51.0,66.0
1031,1031,46.0,64.0
1032,1032,48.0,68.0
1033,1033,48.0,58.0
1034,1034,49.0,66.0
1035,1035,48.0,68.0
1036,1036,52.0,62.0
1037,1037,51.0,66.0
1038,1038,51.0,66.0
1039,1039,49.0,59.0
1040,1040,55.0,59.0
1041,1041,50.0,57.0
1042,1042,52.0,63.0
1043,1043,55.0,59.0
1044,1044,48.0,60.0
1045,1045,47.0,56.0
1046,1046,51.0,67.0
1047,1047,46.0,64.0
1048,1048,47.0,66.0
1049,1049,48.0,63.0
1050,1050,55.0,59.0
1051,1051,48.0,58.0
1052,1052,47.0,56.0
1053,1053,50.0,64.0
1054,1054,48.0,60.0
1055,1055,55.0,59.0
1056,1056,47.0,56.0
1057,1057,47.0,56.0
1058,1058,49.0,55.0
1059,1059,51.0,66.0
1060,1060,47.0,56.0
1061,1061,47.0,68.0
1062,1062,47.0,66.0
1063,1063,47.0,56.0
1064,1064,46.0,64.0
1065,1065,44.0,69.0
1066,1066,49.0,62.0
1067,1067,47.0,56.0
1068,1068,55.0,59.0
1069,1069,48.0,58.0
1070,1070,51.0,66.0
1071,1071,55.0,59.0
1072,1072,47.0,56.0
1073,1073,46.0,64.0
1074,1074,46.0,64.0
1075,1075,51.0,66.0
1076,1076,51.0,67.0
1077,1077,52.0,63.0
1078,1078,55.0,59.0
1079,1079,55.0,59.0
1080,1080,47.0,56.0
1081,1081,50.0,66.0
1082,1082,47.0,56.0
1083,1083,47.0,56.0
1084,1084,55.0,59.0
1085,1085,50.0,64.0
1086,1086,55.0,59.0
1087,1087,47.0,56.0
1088,1088,55.0,59.0
1089,1089,55.0,59.0
1090,1090,47.0,56.0
1091,1091,51.0,60.0
1092,1092,46.0,64.0
1093,1093,48.0,60.0
1094,1094,51.0,66.0
1095,1095,53.0,65.0
1096,1096,47.0,56.0
1097,1097,47.0,56.0
1098,1098,55.0,59.0
1099,1099,52.0,63.0
1100,1100,55.0,59.0
1101,1101,46.0,64.0
1102,1102,44.0,69.0
1103,1103,51.0,66.0
1104,1104,55.0,59.0
1105,1105,46.0,65.0
1106,1106,46.0,62.0
1107,1107,48.0,60.0
1108,1108,50.0,64.0
1109,1109,46.0,64.0
1110,1110,46.0,64.0
1111,1111,51.0,65.0
1112,1112,47.0,56.0
1113,1113,47.0,56.0
1114,1114,47.0,56.0
1115,1115,47.0,56.0
1116,1116,48.0,68.0
1117,1117,51.0,67.0
1118,1118,51.0,66.0
1119,1119,50.0,66.0
1120,1120,44.0,69.0
1121,1121,45.0,66.0
1122,1122,47.0,66.0
1123,1123,51.0,65.0
1124,1124,55.0,59.0
1125,1125,50.0,63.0
1126,1126,47.0,56.0
1127,1127,47.0,56.0
1128,1128,48.0,58.0
1129,1129,47.0,56.0
1130,1130,47.0,56.0
1131,1131,55.0,59.0
1132,1132,48.0,60.0
1133,1133,55.0,59.0
1134,1134,47.0,67.0
1135,1135,44.0,69.0
1136,1136,46.0,64.0
1137,1137,51.0,66.0
1138,1138,48.0,60.0
1139,1139,49.0,55.0
1140,1140,46.0,64.0
1141,1141,47.0,62.0
1142,1142,53.0,71.0
1143,1143,55.0,59.0
1144,1144,46.0,64.0
1145,1145,50.0,61.0
1146,1146,46.0,64.0
1147,1147,52.0,66.0
1148,1148,47.0,56.0
1149,1149,52.0,66.0
1150,1150,47.0,67.0
1151,1151,46.0,64.0
1152,1152,47.0,56.0
1153,1153,52.0,66.0
1154,1154,52.0,62.0
1155,1155,46.0,64.0
1156,1156,47.0,56.0
1157,1157,49.0,62.0
1158,1158,55.0,59.0
1159,1159,55.0,59.0
1160,1160,48.0,57.0
1161,1161,47.0,56.0
1162,1162,47.0,56.0
1163,1163,47.0,56.0
1164,1164,55.0,59.0
1165,1165,49.0,65.0
1166,1166,55.0,59.0
1167,1167,48.0,58.0
1168,1168,55.0,59.0
1169,1169,48.0,68.0
1170,1170,55.0,59.0
1171,1171,47.0,56.0
1172,1172,50.0,64.0
1173,1173,46.0,64.0
1174,1174,51.0,66.0
1175,1175,55.0,59.0
1176,1176,55.0,59.0
1177,1177,55.0,59.0
1178,1178,50.0,59.0
1179,1179,46.0,64.0
1180,1180,47.0,63.0
1181,1181,46.0,64.0
1182,1182,48.0,58.0
1183,1183,53.0,66.0
1184,1184,55.0,59.0
1185,1185,53.0,65.0
1186,1186,50.0,66.0
1187,1187,47.0,56.0
1188,1188,55.0,59.0
1189,1189,51.0,66.0
1190,1190,47.0,56.0
1191,1191,47.0,56.0
1192,1192,46.0,64.0
1193,1193,47.0,67.0
1194,1194,55.0,59.0
1195,1195,47.0,56.0
1196,1196,49.0,68.0
1197,1197,52.0,63.0
1198,1198,50.0,66.0
1199,1199,55.0,59.0
1200,1200,51.0,66.0
1201,1201,55.0,59.0
1202,1202,52.0,60.0
1203,1203,52.0,62.0
1204,1204,50.0,64.0
1205,1205,50.0,64.0
1206,1206,55.0,59.0
1207,1207,50.0,61.0
1208,1208,55.0,59.0
1209,1209,55.0,59.0
1210,1210,46.0,64.0
1211,1211,46.0,64.0
1212,1212,47.0,56.0
1213,1213,48.0,60.0
1214,1214,55.0,59.0
1215,1215,55.0,59.0
1216,1216,55.0,59.0
1217,1217,55.0,59.0
1218,1218,48.0,68.0
1219,1219,48.0,60.0
1220,1220,47.0,66.0
1221,1221,51.0,67.0
1222,1222,47.0,67.0
1223,1223,51.0,66.0
1224,1224,52.0,66.0
1225,1225,44.0,59.0
1226,1226,46.0,64.0
1227,1227,44.0,68.0
1228,1228,55.0,59.0
1229,1229,46.0,64.0
1230,1230,55.0,59.0
1231,1231,48.0,60.0
1232,1232,46.0,64.0
1233,1233,48.0,58.0
1234,1234,55.0,59.0
1235,1235,50.0,64.0
1236,1236,51.0,66.0
1237,1237,52.0,66.0
1238,1238,52.0,62.0
1239,1239,55.0,59.0
1240,1240,53.0,64.0
1241,1241,47.0,56.0
1242,1242,51.0,60.0
1243,1243,45.0,66.0
1244,1244,46.0,64.0
1245,1245,47.0,56.0
1246,1246,48.0,68.0
1247,1247,51.0,65.0
1248,1248,51.0,60.0
1249,1249,49.0,62.0
1250,1250,50.0,66.0
1251,1251,48.0,54.0
1252,1252,55.0,59.0
1253,1253,55.0,59.0
1254,1254,48.0,68.0
1255,1255,51.0,60.0
1256,1256,47.0,56.0
1257,1257,55.0,59.0
1258,1258,46.0,68.0
1259,1259,49.0,69.0
1260,1260,47.0,56.0
1261,1261,48.0,58.0
1262,1262,55.0,59.0
1263,1263,46.0,64.0
1264,1264,55.0,59.0
1265,1265,50.0,64.0
1266,1266,55.0,59.0
1267,1267,55.0,59.0
1268,1268,55.0,59.0
1269,1269,48.0,60.0
1270,1270,55.0,59.0
1271,1271,51.0,66.0
1272,1272,46.0,64.0
1273,1273,55.0,59.0
1274,1274,55.0,59.0
1275,1275,46.0,64.0
1276,1276,46.0,64.0
1277,1277,48.0,58.0
1278,1278,46.0,64.0
1279,1279,47.0,56.0
1280,1280,47.0,56.0
1281,1281,55.0,59.0
1282,1282,47.0,56.0
1283,1283,48.0,68.0
1284,1284,50.0,66.0
1285,1285,55.0,59.0
1286,1286,51.0,66.0
1287,1287,49.0,64.0
1288,1288,55.0,59.0
1289,1289,52.0,62.0
1290,1290,50.0,66.0
1291,1291,46.0,64.0
1292,1292,47.0,56.0
1293,1293,55.0,59.0
1294,1294,55.0,59.0
1295,1295,51.0,66.0
1296,1296,51.0,66.0
1297,1297,47.0,56.0
1298,1298,48.0,60.0
1299,1299,55.0,59.0
1300,1300,44.0,68.0
1301,1301,48.0,58.0
1302,1302,47.0,56.0
1303,1303,46.0,65.0
1304,1304,46.0,64.0
1305,1305,50.0,64.0
1306,1306,47.0,56.0
1307,1307,55.0,59.0
1308,1308,55.0,59.0
1309,1309,55.0,59.0
1310,1310,48.0,60.0
1311,1311,51.0,66.0
1312,1312,47.0,56.0
1313,1313,47.0,56.0
1314,1314,55.0,59.0
1315,1315,46.0,64.0
1316,1316,48.0,68.0
1317,1317,48.0,60.0
1318,1318,48.0,68.0
1319,1319,47.0,56.0
1320,1320,44.0,59.0
1321,1321,46.0,64.0
1322,1322,47.0,56.0
1323,1323,46.0,64.0
1324,1324,48.0,68.0
1325,1325,46.0,64.0
1326,1326,52.0,62.0
1327,1327,51.0,66.0
1328,1328,49.0,69.0
1329,1329,47.0,56.0
1330,1330,50.0,64.0
1331,1331,46.0,64.0
1332,1332,47.0,56.0
1333,1333,46.0,64.0
1334,1334,50.0,64.0
1335,1335,45.0,65.0
1336,1336,55.0,59.0
1337,1337,48.0,58.0
1338,1338,50.0,64.0
1339,1339,54.0,63.0
1340,1340,47.0,56.0
1341,1341,55.0,59.0
1342,1342,46.0,64.0
1343,1343,46.0,64.0
1344,1344,50.0,66.0
1345,1345,52.0,62.0
1346,1346,52.0,62.0
1347,1347,46.0,64.0
1348,1348,55.0,59.0
1349,1349,48.0,60.0
1350,1350,47.0,56.0
1351,1351,55.0,59.0
1352,1352,55.0,59.0
1353,1353,51.0,67.0
1354,1354,47.0,56.0
1355,1355,52.0,66.0
1356,1356,47.0,56.0
1357,1357,48.0,58.0
1358,1358,48.0,68.0
1359,1359,48.0,58.0
1360,1360,46.0,63.0
1361,1361,46.0,64.0
1362,1362,46.0,64.0
1363,1363,44.0,68.0
1364,1364,48.0,60.0
1365,1365,48.0,65.0
1366,1366,50.0,58.0
1367,1367,51.0,58.0
1368,1368,47.0,56.0
1369,1369,47.0,56.0
1370,1370,47.0,56.0
1371,1371,47.0,56.0
1372,1372,51.0,67.0
1373,1373,55.0,59.0
1374,1374,50.0,64.0
1375,1375,47.0,56.0
1376,1376,46.0,64.0
1377,1377,47.0,66.0
1378,1378,50.0,64.0
1379,1379,46.0,64.0
1380,1380,51.0,57.0
1381,1381,55.0,59.0
1382,1382,47.0,56.0
1383,1383,46.0,64.0
1384,1384,47.0,56.0
1385,1385,48.0,60.0
1386,1386,52.0,62.0
1387,1387,52.0,66.0
1388,1388,47.0,56.0
1389,1389,55.0,59.0
1390,1390,45.0,66.0
1391,1391,55.0,59.0
1392,1392,47.0,56.0
1393,1393,55.0,59.0
1394,1394,51.0,67.0
1395,1395,50.0,64.0
1396,1396,47.0,67.0
1397,1397,46.0,64.0
1398,1398,51.0,65.0
1399,1399,46.0,64.0
1400,1400,46.0,64.0
1401,1401,46.0,64.0
1402,1402,50.0,66.0
1403,1403,55.0,59.0
1404,1404,51.0,67.0
1405,1405,47.0,56.0
1406,1406,46.0,64.0
1407,1407,48.0,60.0
1408,1408,48.0,68.0
1409,1409,47.0,56.0
1410,1410,46.0,64.0
1411,1411,55.0,59.0
1412,1412,47.0,63.0
1413,1413,55.0,59.0
1414,1414,46.0,64.0
1415,1415,50.0,64.0
1416,1416,47.0,56.0
1417,1417,50.0,64.0
1418,1418,47.0,56.0
1419,1419,47.0,56.0
1420,1420,51.0,66.0
1421,1421,47.0,56.0
1422,1422,55.0,59.0
1423,1423,47.0,56.0
1424,1424,46.0,64.0
1425,1425,49.0,61.0
1426,1426,55.0,59.0
1427,1427,55.0,59.0
1428,1428,48.0,58.0
1429,1429,46.0,64.0
1430,1430,46.0,64.0
1431,1431,47.0,56.0
1432,1432,48.0,60.0
1433,1433,55.0,59.0
1434,1434,55.0,59.0
1435,1435,47.0,56.0
1436,1436,44.0,59.0
1437,1437,55.0,59.0
1438,1438,46.0,64.0
1439,1439,50.0,64.0
1440,1440,52.0,66.0
1441,1441,48.0,68.0
1442,1442,45.0,66.0
1443,1443,51.0,66.0
1444,1444,47.0,56.0
1445,1445,47.0,56.0
1446,1446,47.0,66.0
1447,1447,47.0,56.0
1448,1448,55.0,59.0
1449,1449,47.0,56.0
1450,1450,55.0,59.0
1451,1451,55.0,59.0
1452,1452,50.0,61.0
1453,1453,44.0,59.0
1454,1454,47.0,56.0
1455,1455,50.0,64.0
1456,1456,47.0,56.0
1457,1457,46.0,64.0
1458,1458,42.0,71.0
1459,1459,47.0,56.0
1460,1460,50.0,64.0
1461,1461,55.0,59.0
1462,1462,52.0,62.0
1463,1463,55.0,59.0
1464,1464,47.0,56.0
1465,1465,55.0,59.0
1466,1466,48.0,58.0
1467,1467,55.0,59.0
1468,1468,48.0,65.0
1469,1469,52.0,66.0
1470,1470,50.0,66.0
1471,1471,55.0,59.0
1472,1472,46.0,64.0
1473,1473,55.0,59.0
1474,1474,46.0,64.0
1475,1475,47.0,56.0
1476,1476,55.0,59.0
1477,1477,55.0,59.0
1478,1478,46.0,64.0
1479,1479,51.0,66.0
1480,1480,46.0,64.0
1481,1481,51.0,66.0
1482,1482,47.0,67.0
1483,1483,55.0,59.0
1484,1484,47.0,56.0
1485,1485,52.0,66.0
1486,1486,48.0,60.0
1487,1487,48.0,65.0
1488,1488,49.0,65.0
1489,1489,48.0,68.0
1490,1490,47.0,56.0
1491,1491,49.0,61.0
1492,1492,47.0,56.0
1493,1493,48.0,58.0
1494,1494,55.0,59.0
1495,1495,55.0,59.0
1496,1496,47.0,56.0
1497,1497,47.0,56.0
1498,1498,49.0,62.0
1499,1499,47.0,67.0
1500,1500,52.0,62.0
1501,1501,48.0,66.0
1502,1502,55.0,59.0
1503,1503,42.0,63.0
1504,1504,48.0,68.0
1505,1505,46.0,64.0
1506,1506,49.0,68.0
1507,1507,47.0,56.0
1508,1508,55.0,59.0
1509,1509,46.0,64.0
1510,1510,46.0,64.0
1511,1511,47.0,56.0
1512,1512,51.0,66.0
1513,1513,51.0,66.0
1514,1514,48.0,60.0
1515,1515,46.0,64.0
1516,1516,46.0,64.0
1517,1517,51.0,66.0
1518,1518,48.0,68.0
1519,1519,51.0,66.0
1520,1520,52.0,62.0
1521,1521,46.0,64.0
1522,1522,50.0,61.0
1523,1523,55.0,59.0
1524,1524,48.0,60.0
1525,1525,55.0,59.0
1526,1526,55.0,59.0
1527,1527,52.0,62.0
1528,1528,46.0,64.0
1529,1529,46.0,63.0
1530,1530,55.0,59.0
1531,1531,55.0,59.0
1532,1532,51.0,66.0
1533,1533,46.0,64.0
1534,1534,46.0,64.0
1535,1535,46.0,64.0
1536,1536,50.0,64.0
1537,1537,46.0,63.0
1538,1538,47.0,62.0
1539,1539,46.0,64.0
1540,1540,46.0,64.0
1541,1541,55.0,59.0
1542,1542,50.0,61.0
1543,1543,51.0,66.0
1544,1544,46.0,64.0
1545,1545,52.0,66.0
1546,1546,46.0,64.0
1547,1547,47.0,56.0
1548,1548,47.0,56.0
1549,1549,55.0,59.0
1550,1550,46.0,64.0
1551,1551,45.0,66.0
1552,1552,50.0,64.0
1553,1553,47.0,56.0
1554,1554,48.0,58.0
1555,1555,53.0,71.0
1556,1556,52.0,66.0
1557,1557,55.0,59.0
1558,1558,51.0,66.0
1559,1559,55.0,59.0
1560,1560,48.0,58.0
1561,1561,42.0,63.0
1562,1562,49.0,58.0
1563,1563,51.0,66.0
1564,1564,55.0,59.0
1565,1565,52.0,66.0
1566,1566,55.0,59.0
1567,1567,51.0,67.0
1568,1568,44.0,59.0
1569,1569,47.0,56.0
1570,1570,47.0,56.0
1571,1571,51.0,66.0
1572,1572,47.0,56.0
1573,1573,52.0,66.0
1574,1574,47.0,56.0
1575,1575,52.0,62.0
1576,1576,55.0,59.0
1577,1577,48.0,68.0
1578,1578,47.0,56.0
1579,1579,47.0,56.0
1580,1580,46.0,64.0
1581,1581,51.0,66.0
1582,1582,52.0,62.0
1583,1583,50.0,64.0
1584,1584,46.0,64.0
1585,1585,49.0,66.0
1586,1586,47.0,56.0
1587,1587,47.0,67.0
1588,1588,47.0,56.0
1589,1589,47.0,56.0
1590,1590,47.0,56.0
1591,1591,48.0,60.0
1592,1592,49.0,63.0
1593,1593,46.0,64.0
1594,1594,44.0,59.0
1595,1595,48.0,68.0
1596,1596,48.0,58.0
1597,1597,47.0,67.0
1598,1598,50.0,66.0
1599,1599,48.0,58.0
1600,1600,48.0,68.0
1601,1601,47.0,67.0
1602,1602,48.0,60.0
1603,1603,50.0,64.0
1604,1604,47.0,56.0
1605,1605,46.0,60.0
1606,1606,55.0,59.0
1607,1607,47.0,56.0
1608,1608,52.0,62.0
1609,1609,55.0,59.0
1610,1610,55.0,59.0
1611,1611,49.0,59.0
1612,1612,55.0,59.0
1613,1613,51.0,65.0
1614,1614,46.0,64.0
1615,1615,50.0,64.0
1616,1616,47.0,56.0
1617,1617,47.0,56.0
1618,1618,55.0,59.0
1619,1619,52.0,66.0
1620,1620,47.0,56.0
1621,1621,55.0,59.0
1622,1622,46.0,64.0
1623,1623,46.0,64.0
1624,1624,55.0,59.0
1625,1625,52.0,62.0
1626,1626,55.0,59.0
1627,1627,48.0,58.0
1628,1628,49.0,55.0
1629,1629,50.0,64.0
1630,1630,55.0,59.0
1631,1631,48.0,60.0
1632,1632,50.0,66.0
1633,1633,46.0,64.0
1634,1634,55.0,59.0
1635,1635,48.0,68.0
1636,1636,44.0,59.0
1637,1637,55.0,59.0
1638,1638,55.0,59.0
1639,1639,47.0,56.0
1640,1640,51.0,66.0
1641,1641,54.0,63.0
1642,1642,48.0,57.0
1643,1643,47.0,56.0
1644,1644,46.0,65.0
1645,1645,48.0,68.0
1646,1646,47.0,66.0
1647,1647,50.0,66.0
1648,1648,47.0,56.0
1649,1649,50.0,66.0
1650,1650,51.0,66.0
1651,1651,55.0,59.0
1652,1652,48.0,68.0
1653,1653,55.0,59.0
1654,1654,55.0,59.0
1655,1655,50.0,64.0
1656,1656,47.0,56.0
1657,1657,55.0,59.0
1658,1658,50.0,66.0
1659,1659,55.0,59.0
1660,1660,55.0,59.0
1661,1661,55.0,59.0
1662,1662,47.0,56.0
1663,1663,46.0,64.0
1664,1664,51.0,66.0
1665,1665,55.0,59.0
1666,1666,46.0,64.0
1667,1667,55.0,59.0
1668,1668,47.0,56.0
1669,1669,47.0,56.0
1670,1670,46.0,64.0
1671,1671,51.0,66.0
1672,1672,46.0,64.0
1673,1673,47.0,56.0
1674,1674,47.0,56.0
1675,1675,49.0,59.0
1676,1676,48.0,58.0
1677,1677,47.0,67.0
1678,1678,49.0,62.0
1679,1679,47.0,56.0
1680,1680,47.0,56.0
1681,1681,44.0,69.0
1682,1682,50.0,66.0
1683,1683,51.0,65.0
1684,1684,48.0,68.0
1685,1685,52.0,62.0
1686,1686,48.0,58.0
1687,1687,44.0,59.0
1688,1688,48.0,58.0
1689,1689,48.0,68.0
1690,1690,48.0,58.0
1691,1691,51.0,67.0
1692,1692,47.0,56.0
1693,1693,46.0,64.0
1694,1694,48.0,65.0
1695,1695,47.0,56.0
1696,1696,51.0,66.0
1697,1697,46.0,64.0
1698,1698,55.0,59.0
1699,1699,55.0,59.0
1700,1700,49.0,63.0
1701,1701,47.0,56.0
1702,1702,55.0,59.0
1703,1703,55.0,59.0
1704,1704,55.0,59.0
1705,1705,48.0,65.0
1706,1706,48.0,58.0
1707,1707,55.0,59.0
1708,1708,54.0,63.0
1709,1709,48.0,68.0
1710,1710,55.0,59.0
1711,1711,52.0,63.0
1712,1712,51.0,67.0
1713,1713,51.0,67.0
1714,1714,50.0,64.0
1715,1715,47.0,56.0
1716,1716,55.0,59.0
1717,1717,48.0,54.0
1718,1718,55.0,59.0
1719,1719,49.0,62.0
1720,1720,55.0,59.0
1721,1721,47.0,56.0
1722,1722,49.0,62.0
1723,1723,55.0,59.0
1724,1724,55.0,59.0
1725,1725,47.0,56.0
1726,1726,47.0,56.0
1727,1727,47.0,62.0
1728,1728,48.0,64.0
1729,1729,50.0,64.0
1730,1730,47.0,56.0
1731,1731,46.0,64.0
1732,1732,47.0,56.0
1733,1733,47.0,66.0
1734,1734,50.0,64.0
1735,1735,45.0,66.0
1736,1736,55.0,59.0
1737,1737,48.0,62.0
1738,1738,48.0,58.0
1739,1739,46.0,64.0
1740,1740,55.0,59.0
1741,1741,48.0,60.0
1742,1742,48.0,68.0
1743,1743,55.0,59.0
1744,1744,50.0,64.0
1745,1745,46.0,64.0
1746,1746,47.0,56.0
1747,1747,49.0,61.0
1748,1748,50.0,61.0
1749,1749,48.0,58.0
1750,1750,47.0,56.0
1751,1751,55.0,59.0
1752,1752,46.0,63.0
1753,1753,50.0,64.0
1754,1754,48.0,60.0
1755,1755,47.0,56.0
1756,1756,47.0,56.0
1757,1757,50.0,55.0
1758,1758,52.0,66.0
1759,1759,47.0,56.0
1760,1760,46.0,63.0
1761,1761,50.0,64.0
1762,1762,51.0,67.0
1763,1763,46.0,64.0
1764,1764,52.0,66.0
1765,1765,50.0,64.0
1766,1766,55.0,59.0
1767,1767,53.0,64.0
1768,1768,46.0,64.0
1769,1769,55.0,59.0
1770,1770,45.0,66.0
1771,1771,46.0,68.0
1772,1772,46.0,64.0
1773,1773,46.0,64.0
1774,1774,51.0,67.0
1775,1775,47.0,56.0
1776,1776,47.0,56.0
1777,1777,46.0,64.0
1778,1778,48.0,68.0
1779,1779,50.0,64.0
1780,1780,55.0,59.0
1781,1781,47.0,67.0
1782,1782,49.0,62.0
