,imageID,right_Eye_center_x,right_Eye_center_y
0,0,29.0,37.0
1,1,29.0,38.0
2,2,29.0,38.0
3,3,30.0,41.0
4,4,27.0,35.0
5,5,29.0,38.0
6,6,30.0,35.0
7,7,31.0,37.0
8,8,31.0,38.0
9,9,31.0,33.0
10,10,29.0,36.0
11,11,31.0,38.0
12,12,32.0,40.0
13,13,29.0,35.0
14,14,29.0,38.0
15,15,33.0,36.0
16,16,29.0,37.0
17,17,30.0,40.0
18,18,31.0,37.0
19,19,30.0,35.0
20,20,31.0,37.0
21,21,30.0,38.0
22,22,30.0,36.0
23,23,33.0,36.0
24,24,31.0,38.0
25,25,28.0,35.0
26,26,29.0,37.0
27,27,30.0,37.0
28,28,29.0,38.0
29,29,31.0,37.0
30,30,32.0,37.0
31,31,31.0,38.0
32,32,30.0,35.0
33,33,31.0,37.0
34,34,30.0,35.0
35,35,31.0,38.0
36,36,29.0,36.0
37,37,29.0,37.0
38,38,28.0,38.0
39,39,30.0,36.0
40,40,30.0,41.0
41,41,31.0,37.0
42,42,27.0,35.0
43,43,29.0,35.0
44,44,30.0,35.0
45,45,31.0,33.0
46,46,32.0,35.0
47,47,29.0,37.0
48,48,29.0,36.0
49,49,28.0,40.0
50,50,30.0,40.0
51,51,28.0,39.0
52,52,30.0,38.0
53,53,28.0,36.0
54,54,28.0,37.0
55,55,29.0,37.0
56,56,29.0,39.0
57,57,30.0,35.0
58,58,30.0,36.0
59,59,31.0,33.0
60,60,28.0,38.0
61,61,29.0,37.0
62,62,27.0,35.0
63,63,27.0,35.0
64,64,29.0,37.0
65,65,32.0,37.0
66,66,31.0,37.0
67,67,30.0,35.0
68,68,31.0,37.0
69,69,31.0,37.0
70,70,31.0,37.0
71,71,30.0,35.0
72,72,32.0,39.0
73,73,31.0,37.0
74,74,31.0,35.0
75,75,32.0,35.0
76,76,32.0,36.0
77,77,30.0,40.0
78,78,31.0,37.0
79,79,31.0,38.0
80,80,31.0,37.0
81,81,30.0,40.0
82,82,31.0,38.0
83,83,31.0,37.0
84,84,30.0,37.0
85,85,31.0,38.0
86,86,31.0,40.0
87,87,31.0,38.0
88,88,32.0,36.0
89,89,28.0,38.0
90,90,29.0,37.0
91,91,31.0,34.0
92,92,31.0,38.0
93,93,29.0,35.0
94,94,28.0,36.0
95,95,32.0,36.0
96,96,29.0,39.0
97,97,31.0,38.0
98,98,32.0,39.0
99,99,32.0,39.0
100,100,29.0,38.0
101,101,31.0,34.0
102,102,29.0,35.0
103,103,31.0,38.0
104,104,31.0,38.0
105,105,29.0,36.0
106,106,29.0,39.0
107,107,29.0,37.0
108,108,31.0,38.0
109,109,26.0,41.0
110,110,31.0,38.0
111,111,30.0,37.0
112,112,32.0,39.0
113,113,31.0,37.0
114,114,30.0,35.0
115,115,28.0,39.0
116,116,31.0,37.0
117,117,31.0,40.0
118,118,30.0,35.0
119,119,27.0,42.0
120,120,31.0,39.0
121,121,31.0,38.0
122,122,31.0,37.0
123,123,31.0,37.0
124,124,29.0,38.0
125,125,29.0,37.0
126,126,31.0,37.0
127,127,27.0,35.0
128,128,32.0,37.0
129,129,30.0,35.0
130,130,30.0,35.0
131,131,29.0,38.0
132,132,30.0,40.0
133,133,27.0,42.0
134,134,30.0,36.0
135,135,28.0,36.0
136,136,31.0,41.0
137,137,31.0,37.0
138,138,29.0,38.0
139,139,30.0,37.0
140,140,31.0,38.0
141,141,32.0,39.0
142,142,30.0,36.0
143,143,31.0,37.0
144,144,29.0,37.0
145,145,32.0,37.0
146,146,31.0,37.0
147,147,32.0,39.0
148,148,29.0,37.0
149,149,27.0,35.0
150,150,28.0,38.0
151,151,31.0,38.0
152,152,28.0,36.0
153,153,29.0,40.0
154,154,30.0,35.0
155,155,30.0,35.0
156,156,31.0,38.0
157,157,30.0,36.0
158,158,29.0,37.0
159,159,32.0,41.0
160,160,32.0,35.0
161,161,31.0,37.0
162,162,29.0,38.0
163,163,31.0,40.0
164,164,29.0,39.0
165,165,28.0,38.0
166,166,29.0,39.0
167,167,32.0,36.0
168,168,29.0,40.0
169,169,32.0,36.0
170,170,31.0,38.0
171,171,31.0,37.0
172,172,31.0,38.0
173,173,31.0,37.0
174,174,29.0,39.0
175,175,29.0,38.0
176,176,28.0,35.0
177,177,28.0,37.0
178,178,31.0,38.0
179,179,30.0,35.0
180,180,32.0,39.0
181,181,31.0,38.0
182,182,26.0,41.0
183,183,29.0,39.0
184,184,31.0,38.0
185,185,28.0,39.0
186,186,30.0,40.0
187,187,32.0,39.0
188,188,29.0,36.0
189,189,31.0,38.0
190,190,29.0,38.0
191,191,31.0,37.0
192,192,31.0,37.0
193,193,32.0,37.0
194,194,30.0,40.0
195,195,30.0,35.0
196,196,30.0,36.0
197,197,31.0,38.0
198,198,31.0,40.0
199,199,31.0,37.0
200,200,31.0,38.0
201,201,31.0,37.0
202,202,31.0,33.0
203,203,31.0,38.0
204,204,31.0,38.0
205,205,31.0,38.0
206,206,31.0,38.0
207,207,32.0,39.0
208,208,29.0,36.0
209,209,29.0,36.0
210,210,31.0,37.0
211,211,29.0,37.0
212,212,30.0,41.0
213,213,28.0,35.0
214,214,30.0,35.0
215,215,31.0,38.0
216,216,27.0,35.0
217,217,30.0,40.0
218,218,31.0,37.0
219,219,28.0,36.0
220,220,29.0,40.0
221,221,31.0,37.0
222,222,28.0,36.0
223,223,32.0,39.0
224,224,31.0,37.0
225,225,28.0,37.0
226,226,32.0,39.0
227,227,29.0,37.0
228,228,32.0,37.0
229,229,30.0,35.0
230,230,31.0,37.0
231,231,31.0,37.0
232,232,31.0,38.0
233,233,31.0,38.0
234,234,31.0,41.0
235,235,28.0,36.0
236,236,28.0,38.0
237,237,29.0,36.0
238,238,31.0,37.0
239,239,33.0,36.0
240,240,30.0,40.0
241,241,30.0,40.0
242,242,29.0,37.0
243,243,29.0,38.0
244,244,31.0,37.0
245,245,30.0,37.0
246,246,30.0,37.0
247,247,28.0,36.0
248,248,29.0,37.0
249,249,32.0,35.0
250,250,30.0,35.0
251,251,28.0,36.0
252,252,33.0,36.0
253,253,29.0,37.0
254,254,32.0,39.0
255,255,31.0,37.0
256,256,31.0,37.0
257,257,30.0,36.0
258,258,31.0,37.0
259,259,31.0,37.0
260,260,31.0,37.0
261,261,30.0,35.0
262,262,30.0,40.0
263,263,30.0,40.0
264,264,29.0,40.0
265,265,29.0,38.0
266,266,30.0,37.0
267,267,28.0,36.0
268,268,31.0,37.0
269,269,30.0,41.0
270,270,32.0,35.0
271,271,32.0,36.0
272,272,31.0,38.0
273,273,31.0,37.0
274,274,28.0,38.0
275,275,31.0,38.0
276,276,28.0,38.0
277,277,30.0,35.0
278,278,31.0,38.0
279,279,29.0,37.0
280,280,31.0,37.0
281,281,31.0,38.0
282,282,31.0,33.0
283,283,29.0,38.0
284,284,27.0,39.0
285,285,29.0,37.0
286,286,31.0,37.0
287,287,30.0,41.0
288,288,30.0,35.0
289,289,28.0,37.0
290,290,31.0,38.0
291,291,31.0,34.0
292,292,26.0,41.0
293,293,32.0,37.0
294,294,29.0,37.0
295,295,29.0,38.0
296,296,31.0,35.0
297,297,30.0,35.0
298,298,30.0,38.0
299,299,27.0,35.0
300,300,29.0,34.0
301,301,29.0,40.0
302,302,30.0,36.0
303,303,28.0,36.0
304,304,28.0,39.0
305,305,29.0,37.0
306,306,29.0,37.0
307,307,32.0,39.0
308,308,28.0,39.0
309,309,28.0,36.0
310,310,27.0,36.0
311,311,29.0,37.0
312,312,27.0,39.0
313,313,27.0,35.0
314,314,29.0,37.0
315,315,28.0,37.0
316,316,31.0,37.0
317,317,28.0,36.0
318,318,29.0,37.0
319,319,32.0,40.0
320,320,29.0,39.0
321,321,32.0,41.0
322,322,30.0,37.0
323,323,32.0,40.0
324,324,31.0,37.0
325,325,29.0,37.0
326,326,29.0,39.0
327,327,31.0,38.0
328,328,29.0,36.0
329,329,29.0,38.0
330,330,30.0,40.0
331,331,29.0,39.0
332,332,30.0,40.0
333,333,32.0,36.0
334,334,29.0,39.0
335,335,30.0,41.0
336,336,30.0,37.0
337,337,29.0,39.0
338,338,30.0,40.0
339,339,29.0,37.0
340,340,32.0,39.0
341,341,29.0,37.0
342,342,29.0,36.0
343,343,29.0,36.0
344,344,31.0,41.0
345,345,30.0,35.0
346,346,29.0,39.0
347,347,29.0,39.0
348,348,29.0,37.0
349,349,29.0,38.0
350,350,36.0,35.0
351,351,30.0,35.0
352,352,32.0,36.0
353,353,30.0,34.0
354,354,29.0,39.0
355,355,29.0,39.0
356,356,29.0,37.0
357,357,29.0,37.0
358,358,31.0,38.0
359,359,31.0,33.0
360,360,29.0,38.0
361,361,31.0,38.0
362,362,30.0,36.0
363,363,30.0,35.0
364,364,29.0,40.0
365,365,30.0,36.0
366,366,29.0,37.0
367,367,28.0,36.0
368,368,29.0,40.0
369,369,29.0,37.0
370,370,30.0,35.0
371,371,29.0,37.0
372,372,29.0,37.0
373,373,29.0,36.0
374,374,28.0,38.0
375,375,27.0,36.0
376,376,29.0,35.0
377,377,29.0,39.0
378,378,31.0,38.0
379,379,29.0,38.0
380,380,29.0,37.0
381,381,31.0,37.0
382,382,31.0,38.0
383,383,32.0,39.0
384,384,29.0,38.0
385,385,31.0,40.0
386,386,30.0,34.0
387,387,28.0,36.0
388,388,29.0,37.0
389,389,29.0,37.0
390,390,29.0,37.0
391,391,31.0,37.0
392,392,32.0,40.0
393,393,29.0,37.0
394,394,32.0,36.0
395,395,29.0,36.0
396,396,31.0,38.0
397,397,32.0,37.0
398,398,30.0,40.0
399,399,33.0,38.0
400,400,31.0,39.0
401,401,28.0,36.0
402,402,32.0,37.0
403,403,29.0,34.0
404,404,30.0,40.0
405,405,30.0,35.0
406,406,31.0,40.0
407,407,30.0,35.0
408,408,31.0,40.0
409,409,29.0,35.0
410,410,32.0,36.0
411,411,32.0,37.0
412,412,33.0,36.0
413,413,32.0,39.0
414,414,31.0,42.0
415,415,30.0,35.0
416,416,26.0,37.0
417,417,28.0,35.0
418,418,31.0,41.0
419,419,31.0,38.0
420,420,29.0,39.0
421,421,32.0,37.0
422,422,32.0,39.0
423,423,29.0,37.0
424,424,32.0,37.0
425,425,31.0,37.0
426,426,30.0,41.0
427,427,32.0,39.0
428,428,31.0,41.0
429,429,30.0,38.0
430,430,31.0,37.0
431,431,29.0,34.0
432,432,31.0,38.0
433,433,32.0,37.0
434,434,32.0,39.0
435,435,32.0,39.0
436,436,32.0,37.0
437,437,32.0,39.0
438,438,30.0,40.0
439,439,30.0,37.0
440,440,32.0,39.0
441,441,32.0,40.0
442,442,30.0,37.0
443,443,33.0,38.0
444,444,31.0,38.0
445,445,32.0,40.0
446,446,30.0,37.0
447,447,32.0,39.0
448,448,30.0,40.0
449,449,32.0,39.0
450,450,31.0,40.0
451,451,30.0,40.0
452,452,28.0,39.0
453,453,29.0,37.0
454,454,31.0,38.0
455,455,29.0,40.0
456,456,29.0,38.0
457,457,31.0,37.0
458,458,29.0,38.0
459,459,30.0,40.0
460,460,31.0,40.0
461,461,31.0,37.0
462,462,30.0,40.0
463,463,31.0,41.0
464,464,26.0,37.0
465,465,30.0,35.0
466,466,32.0,36.0
467,467,31.0,40.0
468,468,32.0,37.0
469,469,32.0,39.0
470,470,30.0,40.0
471,471,31.0,38.0
472,472,31.0,36.0
473,473,31.0,40.0
474,474,31.0,37.0
475,475,32.0,38.0
476,476,32.0,35.0
477,477,31.0,37.0
478,478,31.0,33.0
479,479,30.0,40.0
480,480,28.0,36.0
481,481,30.0,41.0
482,482,32.0,35.0
483,483,31.0,41.0
484,484,27.0,36.0
485,485,30.0,41.0
486,486,31.0,41.0
487,487,33.0,36.0
488,488,29.0,39.0
489,489,28.0,38.0
490,490,29.0,40.0
491,491,32.0,36.0
492,492,31.0,38.0
493,493,31.0,42.0
494,494,29.0,40.0
495,495,30.0,40.0
496,496,31.0,37.0
497,497,31.0,38.0
498,498,32.0,35.0
499,499,32.0,37.0
500,500,32.0,39.0
501,501,32.0,41.0
502,502,31.0,36.0
503,503,29.0,37.0
504,504,29.0,39.0
505,505,31.0,37.0
506,506,29.0,35.0
507,507,31.0,38.0
508,508,30.0,40.0
509,509,32.0,36.0
510,510,30.0,40.0
511,511,31.0,38.0
512,512,34.0,42.0
513,513,30.0,35.0
514,514,30.0,40.0
515,515,30.0,41.0
516,516,31.0,40.0
517,517,31.0,38.0
518,518,30.0,40.0
519,519,32.0,36.0
520,520,30.0,40.0
521,521,32.0,35.0
522,522,32.0,39.0
523,523,29.0,40.0
524,524,32.0,42.0
525,525,29.0,39.0
526,526,31.0,38.0
527,527,30.0,36.0
528,528,28.0,38.0
529,529,28.0,36.0
530,530,32.0,41.0
531,531,30.0,40.0
532,532,29.0,38.0
533,533,29.0,37.0
534,534,31.0,40.0
535,535,30.0,37.0
536,536,29.0,37.0
537,537,32.0,39.0
538,538,32.0,39.0
539,539,31.0,40.0
540,540,35.0,38.0
541,541,31.0,38.0
542,542,31.0,41.0
543,543,32.0,35.0
544,544,35.0,37.0
545,545,30.0,41.0
546,546,29.0,40.0
547,547,30.0,40.0
548,548,31.0,33.0
549,549,28.0,36.0
550,550,31.0,41.0
551,551,27.0,37.0
552,552,29.0,35.0
553,553,31.0,33.0
554,554,29.0,37.0
555,555,31.0,38.0
556,556,32.0,39.0
557,557,26.0,37.0
558,558,31.0,38.0
559,559,31.0,38.0
560,560,30.0,38.0
561,561,30.0,35.0
562,562,32.0,37.0
563,563,30.0,40.0
564,564,32.0,39.0
565,565,31.0,37.0
566,566,28.0,36.0
567,567,32.0,39.0
568,568,31.0,38.0
569,569,29.0,38.0
570,570,31.0,38.0
571,571,31.0,37.0
572,572,29.0,37.0
573,573,29.0,40.0
574,574,32.0,39.0
575,575,31.0,40.0
576,576,31.0,38.0
577,577,31.0,38.0
578,578,28.0,39.0
579,579,32.0,39.0
580,580,33.0,38.0
581,581,29.0,32.0
582,582,31.0,37.0
583,583,30.0,35.0
584,584,28.0,39.0
585,585,31.0,38.0
586,586,32.0,36.0
587,587,30.0,37.0
588,588,31.0,40.0
589,589,32.0,36.0
590,590,32.0,37.0
591,591,30.0,37.0
592,592,33.0,37.0
593,593,27.0,36.0
594,594,33.0,36.0
595,595,30.0,40.0
596,596,32.0,39.0
597,597,28.0,37.0
598,598,31.0,40.0
599,599,31.0,38.0
600,600,31.0,41.0
601,601,30.0,36.0
602,602,30.0,40.0
603,603,30.0,40.0
604,604,31.0,38.0
605,605,31.0,37.0
606,606,31.0,40.0
607,607,29.0,40.0
608,608,31.0,40.0
609,609,31.0,38.0
610,610,29.0,38.0
611,611,31.0,37.0
612,612,32.0,37.0
613,613,28.0,39.0
614,614,31.0,37.0
615,615,31.0,37.0
616,616,29.0,37.0
617,617,32.0,39.0
618,618,33.0,38.0
619,619,30.0,35.0
620,620,30.0,40.0
621,621,32.0,39.0
622,622,32.0,36.0
623,623,31.0,40.0
624,624,29.0,39.0
625,625,32.0,39.0
626,626,32.0,39.0
627,627,31.0,38.0
628,628,31.0,38.0
629,629,32.0,39.0
630,630,31.0,38.0
631,631,29.0,40.0
632,632,34.0,42.0
633,633,31.0,38.0
634,634,31.0,41.0
635,635,32.0,39.0
636,636,32.0,39.0
637,637,32.0,39.0
638,638,31.0,38.0
639,639,29.0,38.0
640,640,31.0,37.0
641,641,31.0,40.0
642,642,32.0,39.0
643,643,31.0,37.0
644,644,31.0,37.0
645,645,31.0,37.0
646,646,27.0,39.0
647,647,33.0,38.0
648,648,29.0,35.0
649,649,32.0,39.0
650,650,31.0,37.0
651,651,31.0,38.0
652,652,29.0,40.0
653,653,31.0,38.0
654,654,32.0,39.0
655,655,32.0,39.0
656,656,31.0,37.0
657,657,29.0,35.0
658,658,31.0,38.0
659,659,26.0,39.0
660,660,32.0,39.0
661,661,28.0,36.0
662,662,30.0,35.0
663,663,32.0,39.0
664,664,31.0,40.0
665,665,32.0,35.0
666,666,29.0,37.0
667,667,32.0,39.0
668,668,30.0,39.0
669,669,31.0,38.0
670,670,31.0,38.0
671,671,29.0,36.0
672,672,31.0,41.0
673,673,31.0,37.0
674,674,29.0,37.0
675,675,29.0,36.0
676,676,31.0,37.0
677,677,31.0,38.0
678,678,32.0,35.0
679,679,31.0,38.0
680,680,28.0,36.0
681,681,30.0,41.0
682,682,31.0,38.0
683,683,32.0,36.0
684,684,32.0,39.0
685,685,29.0,35.0
686,686,30.0,41.0
687,687,31.0,40.0
688,688,31.0,38.0
689,689,32.0,35.0
690,690,35.0,38.0
691,691,32.0,39.0
692,692,29.0,40.0
693,693,26.0,37.0
694,694,27.0,39.0
695,695,31.0,38.0
696,696,29.0,37.0
697,697,31.0,41.0
698,698,32.0,40.0
699,699,30.0,40.0
700,700,31.0,37.0
701,701,31.0,37.0
702,702,32.0,39.0
703,703,31.0,37.0
704,704,31.0,38.0
705,705,30.0,40.0
706,706,31.0,39.0
707,707,31.0,33.0
708,708,32.0,39.0
709,709,29.0,39.0
710,710,30.0,35.0
711,711,31.0,38.0
712,712,31.0,38.0
713,713,26.0,34.0
714,714,31.0,38.0
715,715,31.0,38.0
716,716,31.0,38.0
717,717,31.0,38.0
718,718,33.0,36.0
719,719,29.0,38.0
720,720,31.0,38.0
721,721,31.0,40.0
722,722,31.0,38.0
723,723,32.0,37.0
724,724,31.0,37.0
725,725,31.0,40.0
726,726,30.0,40.0
727,727,29.0,38.0
728,728,31.0,38.0
729,729,31.0,38.0
730,730,31.0,40.0
731,731,27.0,35.0
732,732,31.0,38.0
733,733,28.0,36.0
734,734,30.0,35.0
735,735,32.0,39.0
736,736,29.0,39.0
737,737,31.0,40.0
738,738,32.0,39.0
739,739,31.0,38.0
740,740,33.0,37.0
741,741,29.0,39.0
742,742,30.0,40.0
743,743,31.0,40.0
744,744,30.0,40.0
745,745,32.0,39.0
746,746,29.0,39.0
747,747,31.0,38.0
748,748,29.0,39.0
749,749,31.0,38.0
750,750,32.0,39.0
751,751,32.0,35.0
752,752,32.0,40.0
753,753,29.0,37.0
754,754,29.0,38.0
755,755,30.0,37.0
756,756,31.0,37.0
757,757,32.0,39.0
758,758,31.0,38.0
759,759,32.0,37.0
760,760,37.0,34.0
761,761,32.0,39.0
762,762,30.0,40.0
763,763,32.0,39.0
764,764,31.0,38.0
765,765,31.0,40.0
766,766,31.0,38.0
767,767,30.0,40.0
768,768,31.0,38.0
769,769,30.0,37.0
770,770,30.0,40.0
771,771,28.0,39.0
772,772,31.0,38.0
773,773,27.0,40.0
774,774,29.0,39.0
775,775,31.0,37.0
776,776,31.0,37.0
777,777,31.0,40.0
778,778,28.0,39.0
779,779,31.0,40.0
780,780,31.0,38.0
781,781,30.0,34.0
782,782,32.0,39.0
783,783,30.0,41.0
784,784,27.0,36.0
785,785,31.0,38.0
786,786,30.0,40.0
787,787,29.0,39.0
788,788,31.0,38.0
789,789,31.0,38.0
790,790,29.0,38.0
791,791,31.0,37.0
792,792,31.0,37.0
793,793,31.0,38.0
794,794,31.0,38.0
795,795,31.0,38.0
796,796,30.0,40.0
797,797,29.0,38.0
798,798,31.0,34.0
799,799,31.0,38.0
800,800,36.0,42.0
801,801,31.0,38.0
802,802,30.0,40.0
803,803,31.0,37.0
804,804,32.0,39.0
805,805,32.0,40.0
806,806,30.0,42.0
807,807,32.0,37.0
808,808,31.0,37.0
809,809,32.0,39.0
810,810,30.0,41.0
811,811,30.0,35.0
812,812,30.0,35.0
813,813,32.0,36.0
814,814,32.0,37.0
815,815,32.0,36.0
816,816,31.0,37.0
817,817,29.0,39.0
818,818,29.0,40.0
819,819,30.0,40.0
820,820,31.0,40.0
821,821,31.0,38.0
822,822,32.0,39.0
823,823,32.0,39.0
824,824,32.0,35.0
825,825,33.0,36.0
826,826,29.0,38.0
827,827,32.0,39.0
828,828,31.0,38.0
829,829,32.0,39.0
830,830,30.0,38.0
831,831,31.0,33.0
832,832,31.0,37.0
833,833,31.0,38.0
834,834,32.0,39.0
835,835,30.0,41.0
836,836,31.0,38.0
837,837,31.0,38.0
838,838,30.0,35.0
839,839,32.0,39.0
840,840,29.0,39.0
841,841,32.0,39.0
842,842,31.0,37.0
843,843,30.0,40.0
844,844,31.0,38.0
845,845,30.0,35.0
846,846,31.0,37.0
847,847,31.0,37.0
848,848,31.0,38.0
849,849,32.0,37.0
850,850,29.0,36.0
851,851,32.0,39.0
852,852,31.0,38.0
853,853,31.0,38.0
854,854,31.0,38.0
855,855,30.0,36.0
856,856,29.0,39.0
857,857,32.0,39.0
858,858,33.0,36.0
859,859,29.0,40.0
860,860,30.0,40.0
861,861,29.0,39.0
862,862,32.0,39.0
863,863,32.0,39.0
864,864,31.0,37.0
865,865,31.0,37.0
866,866,31.0,37.0
867,867,30.0,40.0
868,868,31.0,37.0
869,869,31.0,38.0
870,870,30.0,41.0
871,871,32.0,36.0
872,872,31.0,38.0
873,873,31.0,38.0
874,874,31.0,38.0
875,875,31.0,38.0
876,876,31.0,40.0
877,877,30.0,34.0
878,878,29.0,40.0
879,879,28.0,36.0
880,880,30.0,40.0
881,881,28.0,36.0
882,882,31.0,38.0
883,883,29.0,40.0
884,884,29.0,37.0
885,885,30.0,40.0
886,886,31.0,39.0
887,887,31.0,40.0
888,888,32.0,39.0
889,889,31.0,37.0
890,890,32.0,39.0
891,891,29.0,37.0
892,892,31.0,38.0
893,893,31.0,38.0
894,894,30.0,41.0
895,895,31.0,41.0
896,896,31.0,33.0
897,897,29.0,40.0
898,898,33.0,37.0
899,899,30.0,35.0
900,900,32.0,39.0
901,901,29.0,40.0
902,902,31.0,40.0
903,903,31.0,38.0
904,904,29.0,40.0
905,905,32.0,35.0
906,906,32.0,39.0
907,907,32.0,39.0
908,908,32.0,39.0
909,909,27.0,40.0
910,910,28.0,38.0
911,911,31.0,37.0
912,912,35.0,38.0
913,913,32.0,39.0
914,914,28.0,37.0
915,915,29.0,39.0
916,916,26.0,40.0
917,917,31.0,40.0
918,918,29.0,44.0
919,919,29.0,39.0
920,920,31.0,38.0
921,921,32.0,37.0
922,922,31.0,38.0
923,923,30.0,41.0
924,924,31.0,38.0
925,925,33.0,37.0
926,926,30.0,41.0
927,927,30.0,40.0
928,928,31.0,38.0
929,929,32.0,40.0
930,930,30.0,41.0
931,931,32.0,39.0
932,932,31.0,38.0
933,933,31.0,38.0
934,934,29.0,34.0
935,935,32.0,39.0
936,936,31.0,38.0
937,937,32.0,36.0
938,938,31.0,38.0
939,939,31.0,37.0
940,940,31.0,38.0
941,941,30.0,35.0
942,942,31.0,38.0
943,943,31.0,37.0
944,944,32.0,39.0
945,945,30.0,44.0
946,946,31.0,40.0
947,947,29.0,39.0
948,948,31.0,38.0
949,949,31.0,38.0
950,950,31.0,40.0
951,951,31.0,40.0
952,952,31.0,38.0
953,953,30.0,35.0
954,954,32.0,37.0
955,955,32.0,39.0
956,956,29.0,36.0
957,957,32.0,40.0
958,958,31.0,38.0
959,959,31.0,40.0
960,960,31.0,40.0
961,961,31.0,40.0
962,962,31.0,37.0
963,963,31.0,37.0
964,964,31.0,37.0
965,965,32.0,39.0
966,966,31.0,40.0
967,967,32.0,39.0
968,968,31.0,38.0
969,969,31.0,38.0
970,970,29.0,37.0
971,971,31.0,37.0
972,972,32.0,39.0
973,973,30.0,36.0
974,974,29.0,40.0
975,975,32.0,39.0
976,976,32.0,41.0
977,977,27.0,36.0
978,978,32.0,40.0
979,979,31.0,38.0
980,980,31.0,38.0
981,981,30.0,41.0
982,982,32.0,39.0
983,983,29.0,38.0
984,984,30.0,35.0
985,985,32.0,37.0
986,986,28.0,39.0
987,987,32.0,37.0
988,988,33.0,36.0
989,989,32.0,35.0
990,990,30.0,41.0
991,991,30.0,40.0
992,992,32.0,41.0
993,993,30.0,40.0
994,994,31.0,38.0
995,995,32.0,37.0
996,996,29.0,38.0
997,997,31.0,40.0
998,998,31.0,41.0
999,999,32.0,42.0
1000,1000,31.0,34.0
1001,1001,30.0,35.0
1002,1002,31.0,40.0
1003,1003,30.0,41.0
1004,1004,31.0,39.0
1005,1005,30.0,40.0
1006,1006,32.0,41.0
1007,1007,31.0,35.0
1008,1008,31.0,38.0
1009,1009,31.0,42.0
1010,1010,31.0,33.0
1011,1011,28.0,38.0
1012,1012,31.0,37.0
1013,1013,28.0,39.0
1014,1014,29.0,40.0
1015,1015,31.0,38.0
1016,1016,32.0,35.0
1017,1017,32.0,37.0
1018,1018,31.0,39.0
1019,1019,30.0,40.0
1020,1020,29.0,37.0
1021,1021,27.0,40.0
1022,1022,31.0,37.0
1023,1023,31.0,37.0
1024,1024,29.0,39.0
1025,1025,31.0,38.0
1026,1026,31.0,40.0
1027,1027,31.0,41.0
1028,1028,33.0,48.0
1029,1029,31.0,38.0
1030,1030,31.0,37.0
1031,1031,32.0,39.0
1032,1032,31.0,41.0
1033,1033,31.0,37.0
1034,1034,31.0,37.0
1035,1035,31.0,37.0
1036,1036,32.0,39.0
1037,1037,31.0,38.0
1038,1038,32.0,37.0
1039,1039,31.0,41.0
1040,1040,31.0,38.0
1041,1041,31.0,40.0
1042,1042,31.0,37.0
1043,1043,31.0,38.0
1044,1044,32.0,39.0
1045,1045,31.0,37.0
1046,1046,30.0,40.0
1047,1047,31.0,38.0
1048,1048,31.0,40.0
1049,1049,29.0,39.0
1050,1050,31.0,38.0
1051,1051,32.0,39.0
1052,1052,30.0,40.0
1053,1053,31.0,38.0
1054,1054,31.0,38.0
1055,1055,29.0,40.0
1056,1056,30.0,41.0
1057,1057,31.0,38.0
1058,1058,31.0,38.0
1059,1059,29.0,37.0
1060,1060,31.0,38.0
1061,1061,32.0,36.0
1062,1062,31.0,38.0
1063,1063,31.0,38.0
1064,1064,32.0,39.0
1065,1065,31.0,38.0
1066,1066,32.0,35.0
1067,1067,33.0,38.0
1068,1068,30.0,40.0
1069,1069,31.0,37.0
1070,1070,32.0,39.0
1071,1071,33.0,37.0
1072,1072,27.0,35.0
1073,1073,31.0,38.0
1074,1074,29.0,37.0
1075,1075,32.0,37.0
1076,1076,32.0,37.0
1077,1077,29.0,37.0
1078,1078,31.0,38.0
1079,1079,29.0,39.0
1080,1080,34.0,36.0
1081,1081,31.0,38.0
1082,1082,32.0,39.0
1083,1083,31.0,37.0
1084,1084,31.0,38.0
1085,1085,31.0,38.0
1086,1086,29.0,34.0
1087,1087,31.0,38.0
1088,1088,32.0,39.0
1089,1089,30.0,36.0
1090,1090,31.0,38.0
1091,1091,31.0,37.0
1092,1092,31.0,38.0
1093,1093,31.0,40.0
1094,1094,32.0,39.0
1095,1095,29.0,40.0
1096,1096,30.0,40.0
1097,1097,30.0,35.0
1098,1098,32.0,39.0
1099,1099,27.0,35.0
1100,1100,32.0,39.0
1101,1101,29.0,38.0
1102,1102,30.0,37.0
1103,1103,32.0,39.0
1104,1104,31.0,38.0
1105,1105,27.0,38.0
1106,1106,29.0,40.0
1107,1107,29.0,40.0
1108,1108,31.0,40.0
1109,1109,33.0,37.0
1110,1110,23.0,37.0
1111,1111,30.0,40.0
1112,1112,29.0,40.0
1113,1113,31.0,37.0
1114,1114,30.0,40.0
1115,1115,31.0,38.0
1116,1116,28.0,38.0
1117,1117,32.0,35.0
1118,1118,31.0,38.0
1119,1119,30.0,43.0
1120,1120,30.0,35.0
1121,1121,30.0,40.0
1122,1122,30.0,37.0
1123,1123,28.0,36.0
1124,1124,32.0,39.0
1125,1125,27.0,36.0
1126,1126,32.0,39.0
1127,1127,31.0,38.0
1128,1128,32.0,37.0
1129,1129,30.0,40.0
1130,1130,30.0,40.0
1131,1131,31.0,38.0
1132,1132,32.0,36.0
1133,1133,31.0,38.0
1134,1134,31.0,37.0
1135,1135,33.0,37.0
1136,1136,30.0,35.0
1137,1137,30.0,40.0
1138,1138,29.0,37.0
1139,1139,27.0,39.0
1140,1140,30.0,40.0
1141,1141,29.0,40.0
1142,1142,29.0,39.0
1143,1143,30.0,40.0
1144,1144,32.0,37.0
1145,1145,31.0,38.0
1146,1146,29.0,40.0
1147,1147,31.0,40.0
1148,1148,31.0,38.0
1149,1149,30.0,35.0
1150,1150,31.0,41.0
1151,1151,30.0,40.0
1152,1152,32.0,39.0
1153,1153,32.0,39.0
1154,1154,32.0,37.0
1155,1155,31.0,38.0
1156,1156,32.0,39.0
1157,1157,30.0,40.0
1158,1158,30.0,40.0
1159,1159,31.0,38.0
1160,1160,29.0,40.0
1161,1161,30.0,40.0
1162,1162,31.0,38.0
1163,1163,32.0,39.0
1164,1164,32.0,37.0
1165,1165,29.0,38.0
1166,1166,31.0,40.0
1167,1167,31.0,38.0
1168,1168,31.0,38.0
1169,1169,31.0,38.0
1170,1170,31.0,37.0
1171,1171,31.0,38.0
1172,1172,29.0,40.0
1173,1173,32.0,39.0
1174,1174,31.0,38.0
1175,1175,31.0,40.0
1176,1176,31.0,37.0
1177,1177,30.0,41.0
1178,1178,29.0,39.0
1179,1179,31.0,41.0
1180,1180,24.0,41.0
1181,1181,31.0,38.0
1182,1182,29.0,38.0
1183,1183,29.0,40.0
1184,1184,31.0,38.0
1185,1185,32.0,39.0
1186,1186,31.0,37.0
1187,1187,32.0,39.0
1188,1188,32.0,39.0
1189,1189,31.0,40.0
1190,1190,32.0,39.0
1191,1191,32.0,39.0
1192,1192,32.0,39.0
1193,1193,29.0,40.0
1194,1194,32.0,39.0
1195,1195,31.0,40.0
1196,1196,29.0,39.0
1197,1197,25.0,36.0
1198,1198,31.0,37.0
1199,1199,32.0,37.0
1200,1200,29.0,40.0
1201,1201,29.0,40.0
1202,1202,32.0,39.0
1203,1203,31.0,40.0
1204,1204,31.0,38.0
1205,1205,31.0,38.0
1206,1206,31.0,40.0
1207,1207,31.0,33.0
1208,1208,29.0,40.0
1209,1209,28.0,36.0
1210,1210,32.0,41.0
1211,1211,32.0,41.0
1212,1212,30.0,35.0
1213,1213,31.0,38.0
1214,1214,30.0,40.0
1215,1215,31.0,38.0
1216,1216,33.0,38.0
1217,1217,29.0,37.0
1218,1218,32.0,39.0
1219,1219,31.0,33.0
1220,1220,32.0,39.0
1221,1221,32.0,39.0
1222,1222,31.0,38.0
1223,1223,30.0,40.0
1224,1224,31.0,38.0
1225,1225,31.0,39.0
1226,1226,28.0,39.0
1227,1227,30.0,41.0
1228,1228,30.0,40.0
1229,1229,32.0,37.0
1230,1230,30.0,40.0
1231,1231,32.0,36.0
1232,1232,31.0,37.0
1233,1233,30.0,41.0
1234,1234,27.0,38.0
1235,1235,29.0,37.0
1236,1236,31.0,40.0
1237,1237,31.0,38.0
1238,1238,34.0,40.0
1239,1239,32.0,39.0
1240,1240,31.0,40.0
1241,1241,30.0,41.0
1242,1242,32.0,36.0
1243,1243,30.0,40.0
1244,1244,30.0,40.0
1245,1245,31.0,37.0
1246,1246,32.0,37.0
1247,1247,31.0,37.0
1248,1248,32.0,36.0
1249,1249,27.0,39.0
1250,1250,32.0,39.0
1251,1251,33.0,37.0
1252,1252,27.0,35.0
1253,1253,32.0,40.0
1254,1254,29.0,40.0
1255,1255,29.0,37.0
1256,1256,30.0,40.0
1257,1257,31.0,37.0
1258,1258,32.0,39.0
1259,1259,30.0,37.0
1260,1260,30.0,40.0
1261,1261,30.0,40.0
1262,1262,31.0,37.0
1263,1263,31.0,36.0
1264,1264,32.0,39.0
1265,1265,31.0,37.0
1266,1266,32.0,39.0
1267,1267,30.0,37.0
1268,1268,30.0,36.0
1269,1269,31.0,40.0
1270,1270,28.0,37.0
1271,1271,30.0,37.0
1272,1272,31.0,38.0
1273,1273,31.0,38.0
1274,1274,30.0,40.0
1275,1275,32.0,39.0
1276,1276,29.0,39.0
1277,1277,30.0,35.0
1278,1278,31.0,38.0
1279,1279,30.0,35.0
1280,1280,31.0,37.0
1281,1281,30.0,36.0
1282,1282,32.0,39.0
1283,1283,31.0,37.0
1284,1284,30.0,37.0
1285,1285,32.0,39.0
1286,1286,30.0,37.0
1287,1287,31.0,33.0
1288,1288,31.0,38.0
1289,1289,31.0,37.0
1290,1290,30.0,35.0
1291,1291,29.0,40.0
1292,1292,30.0,41.0
1293,1293,31.0,38.0
1294,1294,31.0,40.0
1295,1295,31.0,37.0
1296,1296,29.0,35.0
1297,1297,33.0,37.0
1298,1298,32.0,39.0
1299,1299,30.0,35.0
1300,1300,32.0,43.0
1301,1301,32.0,37.0
1302,1302,31.0,38.0
1303,1303,26.0,37.0
1304,1304,31.0,38.0
1305,1305,31.0,37.0
1306,1306,31.0,37.0
1307,1307,30.0,35.0
1308,1308,30.0,35.0
1309,1309,31.0,38.0
1310,1310,27.0,42.0
1311,1311,29.0,40.0
1312,1312,32.0,39.0
1313,1313,31.0,33.0
1314,1314,30.0,40.0
1315,1315,30.0,35.0
1316,1316,31.0,40.0
1317,1317,32.0,41.0
1318,1318,31.0,40.0
1319,1319,27.0,42.0
1320,1320,29.0,40.0
1321,1321,31.0,41.0
1322,1322,31.0,38.0
1323,1323,29.0,40.0
1324,1324,31.0,39.0
1325,1325,32.0,39.0
1326,1326,30.0,35.0
1327,1327,29.0,39.0
1328,1328,30.0,35.0
1329,1329,32.0,37.0
1330,1330,32.0,39.0
1331,1331,31.0,40.0
1332,1332,28.0,36.0
1333,1333,30.0,37.0
1334,1334,31.0,38.0
1335,1335,31.0,37.0
1336,1336,31.0,41.0
1337,1337,28.0,36.0
1338,1338,29.0,40.0
1339,1339,30.0,41.0
1340,1340,31.0,38.0
1341,1341,29.0,39.0
1342,1342,31.0,38.0
1343,1343,31.0,38.0
1344,1344,28.0,38.0
1345,1345,31.0,38.0
1346,1346,32.0,40.0
1347,1347,29.0,40.0
1348,1348,32.0,35.0
1349,1349,32.0,39.0
1350,1350,32.0,36.0
1351,1351,31.0,40.0
1352,1352,29.0,40.0
1353,1353,29.0,37.0
1354,1354,31.0,38.0
1355,1355,29.0,35.0
1356,1356,26.0,37.0
1357,1357,31.0,37.0
1358,1358,32.0,40.0
1359,1359,29.0,40.0
1360,1360,32.0,35.0
1361,1361,31.0,38.0
1362,1362,31.0,38.0
1363,1363,32.0,37.0
1364,1364,30.0,41.0
1365,1365,31.0,37.0
1366,1366,36.0,35.0
1367,1367,29.0,39.0
1368,1368,31.0,38.0
1369,1369,33.0,36.0
1370,1370,32.0,37.0
1371,1371,31.0,38.0
1372,1372,31.0,37.0
1373,1373,29.0,37.0
1374,1374,32.0,37.0
1375,1375,31.0,37.0
1376,1376,31.0,38.0
1377,1377,30.0,41.0
1378,1378,32.0,39.0
1379,1379,31.0,37.0
1380,1380,32.0,39.0
1381,1381,31.0,38.0
1382,1382,31.0,38.0
1383,1383,32.0,39.0
1384,1384,32.0,39.0
1385,1385,32.0,36.0
1386,1386,29.0,37.0
1387,1387,30.0,35.0
1388,1388,32.0,39.0
1389,1389,26.0,42.0
1390,1390,29.0,39.0
1391,1391,31.0,38.0
1392,1392,32.0,39.0
1393,1393,31.0,38.0
1394,1394,30.0,40.0
1395,1395,29.0,35.0
1396,1396,32.0,39.0
1397,1397,32.0,39.0
1398,1398,31.0,38.0
1399,1399,31.0,38.0
1400,1400,30.0,37.0
1401,1401,32.0,39.0
1402,1402,31.0,40.0
1403,1403,30.0,36.0
1404,1404,32.0,40.0
1405,1405,29.0,40.0
1406,1406,30.0,37.0
1407,1407,29.0,35.0
1408,1408,31.0,40.0
1409,1409,31.0,38.0
1410,1410,31.0,38.0
1411,1411,31.0,38.0
1412,1412,30.0,40.0
1413,1413,31.0,40.0
1414,1414,32.0,37.0
1415,1415,31.0,38.0
1416,1416,31.0,38.0
1417,1417,30.0,40.0
1418,1418,32.0,36.0
1419,1419,31.0,40.0
1420,1420,32.0,39.0
1421,1421,32.0,39.0
1422,1422,30.0,35.0
1423,1423,31.0,37.0
1424,1424,29.0,34.0
1425,1425,28.0,42.0
1426,1426,31.0,37.0
1427,1427,30.0,40.0
1428,1428,31.0,38.0
1429,1429,31.0,38.0
1430,1430,31.0,38.0
1431,1431,32.0,41.0
1432,1432,30.0,35.0
1433,1433,30.0,41.0
1434,1434,28.0,39.0
1435,1435,32.0,39.0
1436,1436,27.0,35.0
1437,1437,30.0,40.0
1438,1438,32.0,35.0
1439,1439,31.0,37.0
1440,1440,30.0,40.0
1441,1441,31.0,37.0
1442,1442,32.0,39.0
1443,1443,31.0,38.0
1444,1444,32.0,37.0
1445,1445,32.0,39.0
1446,1446,33.0,37.0
1447,1447,32.0,36.0
1448,1448,32.0,39.0
1449,1449,30.0,35.0
1450,1450,32.0,39.0
1451,1451,32.0,39.0
1452,1452,32.0,36.0
1453,1453,31.0,37.0
1454,1454,28.0,36.0
1455,1455,32.0,35.0
1456,1456,31.0,38.0
1457,1457,30.0,35.0
1458,1458,32.0,36.0
1459,1459,29.0,35.0
1460,1460,31.0,33.0
1461,1461,33.0,37.0
1462,1462,32.0,39.0
1463,1463,32.0,37.0
1464,1464,31.0,37.0
1465,1465,31.0,37.0
1466,1466,32.0,39.0
1467,1467,31.0,38.0
1468,1468,32.0,36.0
1469,1469,30.0,40.0
1470,1470,31.0,38.0
1471,1471,32.0,39.0
1472,1472,31.0,33.0
1473,1473,31.0,38.0
1474,1474,31.0,38.0
1475,1475,29.0,35.0
1476,1476,31.0,38.0
1477,1477,33.0,37.0
1478,1478,29.0,37.0
1479,1479,30.0,40.0
1480,1480,29.0,39.0
1481,1481,29.0,39.0
1482,1482,30.0,41.0
1483,1483,31.0,38.0
1484,1484,31.0,37.0
1485,1485,29.0,39.0
1486,1486,32.0,36.0
1487,1487,31.0,38.0
1488,1488,30.0,35.0
1489,1489,33.0,37.0
1490,1490,31.0,37.0
1491,1491,28.0,36.0
1492,1492,31.0,41.0
1493,1493,30.0,40.0
1494,1494,32.0,39.0
1495,1495,31.0,37.0
1496,1496,31.0,38.0
1497,1497,31.0,38.0
1498,1498,30.0,38.0
1499,1499,33.0,36.0
1500,1500,32.0,39.0
1501,1501,32.0,40.0
1502,1502,30.0,40.0
1503,1503,31.0,39.0
1504,1504,29.0,39.0
1505,1505,32.0,37.0
1506,1506,29.0,40.0
1507,1507,31.0,38.0
1508,1508,32.0,39.0
1509,1509,29.0,38.0
1510,1510,32.0,40.0
1511,1511,31.0,38.0
1512,1512,29.0,39.0
1513,1513,30.0,41.0
1514,1514,29.0,37.0
1515,1515,30.0,40.0
1516,1516,31.0,38.0
1517,1517,31.0,40.0
1518,1518,28.0,40.0
1519,1519,31.0,40.0
1520,1520,27.0,35.0
1521,1521,32.0,40.0
1522,1522,32.0,35.0
1523,1523,31.0,38.0
1524,1524,32.0,37.0
1525,1525,31.0,37.0
1526,1526,31.0,42.0
1527,1527,29.0,39.0
1528,1528,31.0,41.0
1529,1529,31.0,38.0
1530,1530,32.0,39.0
1531,1531,32.0,39.0
1532,1532,28.0,35.0
1533,1533,31.0,38.0
1534,1534,31.0,41.0
1535,1535,31.0,40.0
1536,1536,30.0,41.0
1537,1537,32.0,39.0
1538,1538,31.0,40.0
1539,1539,30.0,41.0
1540,1540,32.0,39.0
1541,1541,30.0,40.0
1542,1542,32.0,36.0
1543,1543,32.0,39.0
1544,1544,33.0,37.0
1545,1545,31.0,40.0
1546,1546,32.0,39.0
1547,1547,31.0,38.0
1548,1548,31.0,33.0
1549,1549,31.0,38.0
1550,1550,31.0,38.0
1551,1551,32.0,36.0
1552,1552,30.0,40.0
1553,1553,31.0,37.0
1554,1554,31.0,40.0
1555,1555,31.0,33.0
1556,1556,31.0,38.0
1557,1557,29.0,40.0
1558,1558,32.0,39.0
1559,1559,33.0,36.0
1560,1560,23.0,48.0
1561,1561,32.0,36.0
1562,1562,33.0,36.0
1563,1563,32.0,37.0
1564,1564,31.0,38.0
1565,1565,30.0,41.0
1566,1566,31.0,38.0
1567,1567,32.0,35.0
1568,1568,30.0,36.0
1569,1569,31.0,38.0
1570,1570,31.0,38.0
1571,1571,31.0,37.0
1572,1572,31.0,38.0
1573,1573,29.0,40.0
1574,1574,32.0,39.0
1575,1575,31.0,38.0
1576,1576,32.0,35.0
1577,1577,29.0,38.0
1578,1578,31.0,38.0
1579,1579,29.0,39.0
1580,1580,28.0,39.0
1581,1581,31.0,38.0
1582,1582,31.0,38.0
1583,1583,29.0,40.0
1584,1584,31.0,38.0
1585,1585,29.0,37.0
1586,1586,31.0,38.0
1587,1587,31.0,38.0
1588,1588,31.0,38.0
1589,1589,27.0,39.0
1590,1590,30.0,35.0
1591,1591,30.0,40.0
1592,1592,31.0,41.0
1593,1593,27.0,38.0
1594,1594,31.0,37.0
1595,1595,31.0,38.0
1596,1596,31.0,40.0
1597,1597,32.0,39.0
1598,1598,28.0,39.0
1599,1599,30.0,40.0
1600,1600,31.0,38.0
1601,1601,31.0,38.0
1602,1602,31.0,38.0
1603,1603,31.0,33.0
1604,1604,31.0,33.0
1605,1605,33.0,37.0
1606,1606,32.0,39.0
1607,1607,30.0,37.0
1608,1608,32.0,37.0
1609,1609,30.0,41.0
1610,1610,32.0,39.0
1611,1611,33.0,38.0
1612,1612,32.0,39.0
1613,1613,31.0,40.0
1614,1614,31.0,38.0
1615,1615,31.0,38.0
1616,1616,31.0,38.0
1617,1617,30.0,41.0
1618,1618,32.0,39.0
1619,1619,29.0,40.0
1620,1620,32.0,39.0
1621,1621,30.0,41.0
1622,1622,29.0,40.0
1623,1623,30.0,40.0
1624,1624,32.0,39.0
1625,1625,28.0,37.0
1626,1626,31.0,37.0
1627,1627,30.0,40.0
1628,1628,30.0,40.0
1629,1629,31.0,41.0
1630,1630,32.0,39.0
1631,1631,28.0,38.0
1632,1632,29.0,39.0
1633,1633,29.0,37.0
1634,1634,30.0,35.0
1635,1635,32.0,39.0
1636,1636,29.0,39.0
1637,1637,32.0,39.0
1638,1638,29.0,40.0
1639,1639,29.0,40.0
1640,1640,31.0,38.0
1641,1641,32.0,41.0
1642,1642,33.0,37.0
1643,1643,32.0,39.0
1644,1644,31.0,42.0
1645,1645,31.0,38.0
1646,1646,30.0,40.0
1647,1647,31.0,37.0
1648,1648,32.0,39.0
1649,1649,31.0,37.0
1650,1650,31.0,40.0
1651,1651,29.0,39.0
1652,1652,31.0,38.0
1653,1653,29.0,40.0
1654,1654,31.0,40.0
1655,1655,32.0,39.0
1656,1656,31.0,37.0
1657,1657,31.0,38.0
1658,1658,31.0,38.0
1659,1659,31.0,37.0
1660,1660,30.0,41.0
1661,1661,30.0,40.0
1662,1662,31.0,35.0
1663,1663,30.0,40.0
1664,1664,31.0,38.0
1665,1665,31.0,38.0
1666,1666,32.0,40.0
1667,1667,30.0,40.0
1668,1668,31.0,38.0
1669,1669,29.0,39.0
1670,1670,28.0,39.0
1671,1671,29.0,37.0
1672,1672,31.0,41.0
1673,1673,29.0,37.0
1674,1674,33.0,38.0
1675,1675,28.0,42.0
1676,1676,32.0,41.0
1677,1677,34.0,40.0
1678,1678,30.0,35.0
1679,1679,29.0,37.0
1680,1680,29.0,39.0
1681,1681,29.0,40.0
1682,1682,29.0,40.0
1683,1683,29.0,39.0
1684,1684,31.0,40.0
1685,1685,32.0,37.0
1686,1686,31.0,38.0
1687,1687,31.0,41.0
1688,1688,31.0,38.0
1689,1689,32.0,36.0
1690,1690,29.0,38.0
1691,1691,28.0,36.0
1692,1692,32.0,39.0
1693,1693,31.0,38.0
1694,1694,29.0,39.0
1695,1695,31.0,38.0
1696,1696,30.0,41.0
1697,1697,31.0,38.0
1698,1698,30.0,38.0
1699,1699,28.0,39.0
1700,1700,32.0,37.0
1701,1701,32.0,39.0
1702,1702,32.0,37.0
1703,1703,30.0,40.0
1704,1704,32.0,36.0
1705,1705,29.0,40.0
1706,1706,31.0,38.0
1707,1707,31.0,38.0
1708,1708,20.0,42.0
1709,1709,31.0,37.0
1710,1710,32.0,39.0
1711,1711,32.0,39.0
1712,1712,31.0,38.0
1713,1713,35.0,37.0
1714,1714,32.0,39.0
1715,1715,32.0,35.0
1716,1716,31.0,37.0
1717,1717,31.0,33.0
1718,1718,32.0,39.0
1719,1719,31.0,38.0
1720,1720,31.0,38.0
1721,1721,31.0,38.0
1722,1722,29.0,38.0
1723,1723,31.0,40.0
1724,1724,31.0,38.0
1725,1725,27.0,35.0
1726,1726,27.0,38.0
1727,1727,31.0,38.0
1728,1728,33.0,37.0
1729,1729,30.0,40.0
1730,1730,29.0,39.0
1731,1731,31.0,38.0
1732,1732,32.0,39.0
1733,1733,31.0,37.0
1734,1734,32.0,39.0
1735,1735,31.0,40.0
1736,1736,31.0,37.0
1737,1737,32.0,39.0
1738,1738,31.0,38.0
1739,1739,29.0,37.0
1740,1740,31.0,38.0
1741,1741,29.0,40.0
1742,1742,31.0,38.0
1743,1743,31.0,34.0
1744,1744,33.0,36.0
1745,1745,32.0,39.0
1746,1746,31.0,40.0
1747,1747,32.0,37.0
1748,1748,31.0,38.0
1749,1749,30.0,37.0
1750,1750,32.0,39.0
1751,1751,31.0,41.0
1752,1752,31.0,37.0
1753,1753,29.0,39.0
1754,1754,31.0,38.0
1755,1755,30.0,40.0
1756,1756,31.0,38.0
1757,1757,28.0,41.0
1758,1758,28.0,39.0
1759,1759,32.0,39.0
1760,1760,29.0,38.0
1761,1761,31.0,37.0
1762,1762,30.0,41.0
1763,1763,31.0,38.0
1764,1764,32.0,37.0
1765,1765,31.0,40.0
1766,1766,31.0,37.0
1767,1767,32.0,35.0
1768,1768,32.0,37.0
1769,1769,29.0,40.0
1770,1770,31.0,40.0
1771,1771,33.0,38.0
1772,1772,31.0,38.0
1773,1773,31.0,37.0
1774,1774,30.0,40.0
1775,1775,31.0,38.0
1776,1776,29.0,40.0
1777,1777,30.0,41.0
1778,1778,32.0,36.0
1779,1779,30.0,40.0
1780,1780,31.0,38.0
1781,1781,29.0,36.0
1782,1782,30.0,40.0
