,imageID,right_eyebrow_outer_end_x,right_eyebrow_outer_end_y
0,0,13.0,36.0
1,1,16.0,30.0
2,2,19.0,34.0
3,3,16.0,30.0
4,4,12.0,38.0
5,5,19.0,28.0
6,6,14.0,29.0
7,7,19.0,28.0
8,8,19.0,28.0
9,9,14.0,29.0
10,10,21.0,31.0
11,11,16.0,30.0
12,12,15.0,31.0
13,13,16.0,30.0
14,14,14.0,29.0
15,15,16.0,30.0
16,16,16.0,30.0
17,17,16.0,30.0
18,18,16.0,30.0
19,19,15.0,31.0
20,20,4.0,24.0
21,21,16.0,30.0
22,22,14.0,29.0
23,23,4.0,24.0
24,24,16.0,30.0
25,25,16.0,30.0
26,26,16.0,30.0
27,27,16.0,30.0
28,28,16.0,30.0
29,29,14.0,29.0
30,30,16.0,30.0
31,31,20.0,30.0
32,32,16.0,30.0
33,33,16.0,30.0
34,34,16.0,30.0
35,35,14.0,29.0
36,36,16.0,30.0
37,37,15.0,31.0
38,38,16.0,30.0
39,39,19.0,28.0
40,40,16.0,30.0
41,41,15.0,31.0
42,42,16.0,30.0
43,43,16.0,30.0
44,44,16.0,30.0
45,45,19.0,30.0
46,46,16.0,30.0
47,47,14.0,29.0
48,48,4.0,24.0
49,49,14.0,29.0
50,50,16.0,30.0
51,51,13.0,30.0
52,52,15.0,31.0
53,53,4.0,24.0
54,54,15.0,31.0
55,55,19.0,28.0
56,56,15.0,31.0
57,57,15.0,31.0
58,58,16.0,30.0
59,59,19.0,30.0
60,60,16.0,30.0
61,61,16.0,30.0
62,62,10.0,32.0
63,63,16.0,30.0
64,64,15.0,31.0
65,65,16.0,30.0
66,66,4.0,24.0
67,67,16.0,30.0
68,68,14.0,29.0
69,69,16.0,30.0
70,70,16.0,30.0
71,71,16.0,30.0
72,72,16.0,30.0
73,73,16.0,30.0
74,74,19.0,28.0
75,75,16.0,30.0
76,76,19.0,28.0
77,77,16.0,30.0
78,78,18.0,26.0
79,79,19.0,28.0
80,80,16.0,30.0
81,81,15.0,31.0
82,82,16.0,30.0
83,83,16.0,30.0
84,84,14.0,38.0
85,85,12.0,38.0
86,86,16.0,30.0
87,87,4.0,24.0
88,88,16.0,30.0
89,89,16.0,30.0
90,90,14.0,29.0
91,91,14.0,28.0
92,92,16.0,30.0
93,93,16.0,30.0
94,94,15.0,31.0
95,95,16.0,30.0
96,96,16.0,30.0
97,97,16.0,30.0
98,98,4.0,24.0
99,99,16.0,30.0
100,100,16.0,30.0
101,101,16.0,30.0
102,102,16.0,30.0
103,103,16.0,30.0
104,104,16.0,30.0
105,105,15.0,35.0
106,106,16.0,30.0
107,107,15.0,31.0
108,108,16.0,30.0
109,109,14.0,29.0
110,110,4.0,24.0
111,111,15.0,31.0
112,112,16.0,30.0
113,113,15.0,31.0
114,114,16.0,30.0
115,115,16.0,30.0
116,116,19.0,28.0
117,117,16.0,29.0
118,118,16.0,30.0
119,119,14.0,29.0
120,120,16.0,30.0
121,121,16.0,30.0
122,122,4.0,24.0
123,123,19.0,28.0
124,124,16.0,30.0
125,125,16.0,30.0
126,126,20.0,30.0
127,127,15.0,31.0
128,128,4.0,24.0
129,129,16.0,30.0
130,130,16.0,30.0
131,131,16.0,30.0
132,132,16.0,30.0
133,133,16.0,30.0
134,134,4.0,24.0
135,135,15.0,31.0
136,136,19.0,28.0
137,137,19.0,28.0
138,138,14.0,29.0
139,139,20.0,30.0
140,140,14.0,29.0
141,141,16.0,30.0
142,142,15.0,29.0
143,143,19.0,33.0
144,144,4.0,24.0
145,145,19.0,28.0
146,146,4.0,24.0
147,147,16.0,30.0
148,148,16.0,30.0
149,149,16.0,29.0
150,150,16.0,30.0
151,151,16.0,30.0
152,152,18.0,26.0
153,153,16.0,30.0
154,154,16.0,30.0
155,155,16.0,30.0
156,156,4.0,24.0
157,157,16.0,30.0
158,158,16.0,30.0
159,159,16.0,30.0
160,160,16.0,30.0
161,161,16.0,30.0
162,162,19.0,28.0
163,163,16.0,30.0
164,164,16.0,30.0
165,165,14.0,33.0
166,166,16.0,30.0
167,167,15.0,31.0
168,168,16.0,30.0
169,169,16.0,30.0
170,170,16.0,30.0
171,171,16.0,30.0
172,172,4.0,24.0
173,173,4.0,24.0
174,174,16.0,30.0
175,175,16.0,30.0
176,176,16.0,30.0
177,177,15.0,31.0
178,178,17.0,35.0
179,179,16.0,30.0
180,180,16.0,30.0
181,181,16.0,30.0
182,182,14.0,29.0
183,183,16.0,30.0
184,184,16.0,30.0
185,185,16.0,30.0
186,186,4.0,24.0
187,187,16.0,30.0
188,188,12.0,33.0
189,189,14.0,29.0
190,190,16.0,30.0
191,191,14.0,29.0
192,192,19.0,33.0
193,193,16.0,30.0
194,194,19.0,33.0
195,195,16.0,30.0
196,196,16.0,30.0
197,197,19.0,28.0
198,198,16.0,30.0
199,199,16.0,30.0
200,200,16.0,30.0
201,201,16.0,30.0
202,202,16.0,30.0
203,203,15.0,31.0
204,204,21.0,31.0
205,205,16.0,30.0
206,206,16.0,30.0
207,207,4.0,24.0
208,208,14.0,29.0
209,209,16.0,29.0
210,210,20.0,30.0
211,211,16.0,30.0
212,212,16.0,30.0
213,213,14.0,29.0
214,214,16.0,30.0
215,215,19.0,25.0
216,216,14.0,29.0
217,217,16.0,30.0
218,218,16.0,30.0
219,219,16.0,30.0
220,220,16.0,30.0
221,221,16.0,30.0
222,222,14.0,29.0
223,223,11.0,37.0
224,224,16.0,30.0
225,225,19.0,25.0
226,226,16.0,30.0
227,227,4.0,24.0
228,228,19.0,28.0
229,229,16.0,30.0
230,230,19.0,28.0
231,231,16.0,30.0
232,232,16.0,30.0
233,233,16.0,30.0
234,234,19.0,26.0
235,235,18.0,30.0
236,236,15.0,31.0
237,237,16.0,30.0
238,238,12.0,33.0
239,239,19.0,28.0
240,240,16.0,30.0
241,241,14.0,29.0
242,242,19.0,28.0
243,243,12.0,33.0
244,244,16.0,30.0
245,245,16.0,30.0
246,246,16.0,30.0
247,247,16.0,30.0
248,248,15.0,31.0
249,249,16.0,30.0
250,250,4.0,24.0
251,251,16.0,29.0
252,252,16.0,30.0
253,253,14.0,29.0
254,254,16.0,30.0
255,255,16.0,30.0
256,256,16.0,30.0
257,257,16.0,30.0
258,258,16.0,30.0
259,259,19.0,28.0
260,260,16.0,30.0
261,261,15.0,31.0
262,262,15.0,31.0
263,263,16.0,30.0
264,264,21.0,31.0
265,265,19.0,28.0
266,266,16.0,30.0
267,267,4.0,24.0
268,268,16.0,30.0
269,269,4.0,24.0
270,270,14.0,29.0
271,271,16.0,30.0
272,272,16.0,30.0
273,273,4.0,24.0
274,274,15.0,31.0
275,275,15.0,31.0
276,276,16.0,30.0
277,277,14.0,29.0
278,278,19.0,28.0
279,279,16.0,30.0
280,280,16.0,30.0
281,281,16.0,29.0
282,282,16.0,30.0
283,283,15.0,31.0
284,284,14.0,29.0
285,285,19.0,28.0
286,286,14.0,29.0
287,287,16.0,30.0
288,288,16.0,30.0
289,289,16.0,30.0
290,290,16.0,30.0
291,291,15.0,31.0
292,292,14.0,29.0
293,293,16.0,30.0
294,294,14.0,29.0
295,295,16.0,30.0
296,296,15.0,31.0
297,297,16.0,30.0
298,298,13.0,36.0
299,299,16.0,30.0
300,300,16.0,30.0
301,301,16.0,30.0
302,302,16.0,30.0
303,303,16.0,30.0
304,304,16.0,30.0
305,305,15.0,31.0
306,306,16.0,30.0
307,307,15.0,31.0
308,308,4.0,24.0
309,309,14.0,29.0
310,310,16.0,30.0
311,311,14.0,29.0
312,312,16.0,30.0
313,313,16.0,30.0
314,314,15.0,31.0
315,315,14.0,29.0
316,316,16.0,30.0
317,317,16.0,30.0
318,318,16.0,30.0
319,319,16.0,30.0
320,320,16.0,30.0
321,321,15.0,31.0
322,322,15.0,31.0
323,323,14.0,29.0
324,324,16.0,30.0
325,325,14.0,29.0
326,326,15.0,31.0
327,327,15.0,31.0
328,328,16.0,30.0
329,329,16.0,30.0
330,330,16.0,30.0
331,331,16.0,30.0
332,332,14.0,34.0
333,333,16.0,30.0
334,334,14.0,29.0
335,335,16.0,30.0
336,336,4.0,24.0
337,337,16.0,30.0
338,338,13.0,36.0
339,339,16.0,30.0
340,340,16.0,30.0
341,341,16.0,30.0
342,342,4.0,24.0
343,343,4.0,24.0
344,344,16.0,30.0
345,345,16.0,30.0
346,346,14.0,29.0
347,347,16.0,30.0
348,348,12.0,38.0
349,349,14.0,27.0
350,350,16.0,30.0
351,351,16.0,30.0
352,352,11.0,37.0
353,353,16.0,30.0
354,354,16.0,30.0
355,355,12.0,35.0
356,356,16.0,30.0
357,357,16.0,30.0
358,358,16.0,30.0
359,359,10.0,32.0
360,360,16.0,30.0
361,361,16.0,30.0
362,362,16.0,30.0
363,363,16.0,30.0
364,364,16.0,30.0
365,365,14.0,29.0
366,366,16.0,30.0
367,367,16.0,30.0
368,368,16.0,30.0
369,369,15.0,31.0
370,370,16.0,30.0
371,371,10.0,32.0
372,372,14.0,29.0
373,373,16.0,30.0
374,374,16.0,30.0
375,375,14.0,29.0
376,376,16.0,30.0
377,377,16.0,30.0
378,378,16.0,30.0
379,379,16.0,30.0
380,380,14.0,29.0
381,381,16.0,30.0
382,382,14.0,38.0
383,383,16.0,30.0
384,384,16.0,30.0
385,385,14.0,29.0
386,386,16.0,30.0
387,387,16.0,30.0
388,388,16.0,30.0
389,389,14.0,29.0
390,390,16.0,30.0
391,391,16.0,30.0
392,392,16.0,30.0
393,393,16.0,30.0
394,394,11.0,37.0
395,395,16.0,30.0
396,396,16.0,30.0
397,397,16.0,30.0
398,398,16.0,30.0
399,399,11.0,37.0
400,400,16.0,30.0
401,401,21.0,31.0
402,402,16.0,30.0
403,403,4.0,24.0
404,404,16.0,30.0
405,405,16.0,30.0
406,406,16.0,30.0
407,407,16.0,30.0
408,408,16.0,30.0
409,409,4.0,24.0
410,410,16.0,30.0
411,411,15.0,30.0
412,412,16.0,30.0
413,413,16.0,30.0
414,414,16.0,30.0
415,415,4.0,24.0
416,416,16.0,30.0
417,417,16.0,30.0
418,418,16.0,30.0
419,419,16.0,30.0
420,420,16.0,30.0
421,421,16.0,30.0
422,422,16.0,29.0
423,423,16.0,30.0
424,424,16.0,30.0
425,425,4.0,24.0
426,426,4.0,24.0
427,427,21.0,31.0
428,428,4.0,24.0
429,429,16.0,30.0
430,430,16.0,30.0
431,431,16.0,30.0
432,432,16.0,30.0
433,433,16.0,30.0
434,434,16.0,30.0
435,435,16.0,30.0
436,436,4.0,24.0
437,437,16.0,30.0
438,438,16.0,30.0
439,439,16.0,30.0
440,440,16.0,30.0
441,441,16.0,30.0
442,442,16.0,30.0
443,443,16.0,29.0
444,444,16.0,30.0
445,445,4.0,24.0
446,446,16.0,30.0
447,447,16.0,30.0
448,448,16.0,30.0
449,449,4.0,24.0
450,450,16.0,30.0
451,451,16.0,30.0
452,452,19.0,28.0
453,453,19.0,28.0
454,454,16.0,30.0
455,455,4.0,24.0
456,456,4.0,24.0
457,457,16.0,30.0
458,458,21.0,31.0
459,459,16.0,30.0
460,460,16.0,30.0
461,461,16.0,30.0
462,462,16.0,30.0
463,463,16.0,30.0
464,464,16.0,30.0
465,465,16.0,30.0
466,466,16.0,30.0
467,467,16.0,30.0
468,468,16.0,30.0
469,469,16.0,30.0
470,470,16.0,30.0
471,471,16.0,30.0
472,472,16.0,30.0
473,473,11.0,35.0
474,474,16.0,30.0
475,475,16.0,30.0
476,476,16.0,30.0
477,477,4.0,24.0
478,478,16.0,30.0
479,479,16.0,30.0
480,480,16.0,30.0
481,481,16.0,30.0
482,482,16.0,30.0
483,483,16.0,30.0
484,484,11.0,16.0
485,485,16.0,30.0
486,486,16.0,30.0
487,487,16.0,30.0
488,488,4.0,24.0
489,489,16.0,30.0
490,490,16.0,30.0
491,491,16.0,30.0
492,492,16.0,30.0
493,493,16.0,29.0
494,494,12.0,33.0
495,495,16.0,30.0
496,496,16.0,30.0
497,497,19.0,28.0
498,498,16.0,30.0
499,499,14.0,29.0
500,500,16.0,30.0
501,501,16.0,30.0
502,502,21.0,26.0
503,503,16.0,30.0
504,504,16.0,30.0
505,505,4.0,24.0
506,506,16.0,29.0
507,507,16.0,30.0
508,508,19.0,30.0
509,509,16.0,30.0
510,510,14.0,29.0
511,511,16.0,30.0
512,512,14.0,29.0
513,513,16.0,30.0
514,514,16.0,30.0
515,515,4.0,24.0
516,516,16.0,30.0
517,517,16.0,30.0
518,518,16.0,30.0
519,519,16.0,30.0
520,520,16.0,30.0
521,521,12.0,38.0
522,522,16.0,30.0
523,523,16.0,30.0
524,524,16.0,34.0
525,525,4.0,24.0
526,526,16.0,30.0
527,527,19.0,28.0
528,528,16.0,30.0
529,529,16.0,30.0
530,530,18.0,26.0
531,531,16.0,30.0
532,532,16.0,30.0
533,533,4.0,24.0
534,534,4.0,24.0
535,535,16.0,30.0
536,536,14.0,29.0
537,537,16.0,30.0
538,538,16.0,30.0
539,539,16.0,30.0
540,540,16.0,30.0
541,541,4.0,24.0
542,542,16.0,30.0
543,543,14.0,29.0
544,544,13.0,28.0
545,545,16.0,30.0
546,546,16.0,30.0
547,547,16.0,29.0
548,548,4.0,24.0
549,549,16.0,30.0
550,550,16.0,30.0
551,551,16.0,30.0
552,552,16.0,30.0
553,553,16.0,30.0
554,554,16.0,30.0
555,555,16.0,30.0
556,556,16.0,30.0
557,557,16.0,30.0
558,558,16.0,30.0
559,559,16.0,30.0
560,560,16.0,30.0
561,561,16.0,30.0
562,562,16.0,30.0
563,563,16.0,30.0
564,564,16.0,30.0
565,565,15.0,31.0
566,566,16.0,30.0
567,567,16.0,30.0
568,568,16.0,30.0
569,569,16.0,30.0
570,570,4.0,24.0
571,571,16.0,30.0
572,572,16.0,30.0
573,573,16.0,30.0
574,574,16.0,30.0
575,575,19.0,28.0
576,576,16.0,30.0
577,577,16.0,30.0
578,578,16.0,30.0
579,579,16.0,30.0
580,580,19.0,28.0
581,581,16.0,30.0
582,582,16.0,30.0
583,583,12.0,33.0
584,584,16.0,30.0
585,585,16.0,30.0
586,586,4.0,24.0
587,587,16.0,30.0
588,588,16.0,30.0
589,589,16.0,30.0
590,590,16.0,30.0
591,591,16.0,30.0
592,592,16.0,30.0
593,593,16.0,30.0
594,594,19.0,28.0
595,595,16.0,30.0
596,596,16.0,30.0
597,597,16.0,30.0
598,598,16.0,30.0
599,599,16.0,30.0
600,600,4.0,24.0
601,601,16.0,30.0
602,602,16.0,30.0
603,603,16.0,30.0
604,604,16.0,30.0
605,605,16.0,30.0
606,606,16.0,30.0
607,607,16.0,30.0
608,608,16.0,30.0
609,609,16.0,30.0
610,610,16.0,30.0
611,611,4.0,24.0
612,612,16.0,30.0
613,613,16.0,30.0
614,614,16.0,30.0
615,615,16.0,30.0
616,616,16.0,30.0
617,617,16.0,30.0
618,618,16.0,30.0
619,619,16.0,30.0
620,620,16.0,30.0
621,621,16.0,30.0
622,622,4.0,24.0
623,623,16.0,30.0
624,624,14.0,29.0
625,625,16.0,30.0
626,626,16.0,30.0
627,627,16.0,30.0
628,628,16.0,30.0
629,629,16.0,30.0
630,630,16.0,30.0
631,631,16.0,30.0
632,632,16.0,30.0
633,633,16.0,30.0
634,634,16.0,30.0
635,635,16.0,30.0
636,636,16.0,30.0
637,637,16.0,30.0
638,638,16.0,30.0
639,639,16.0,30.0
640,640,16.0,30.0
641,641,16.0,30.0
642,642,4.0,24.0
643,643,16.0,30.0
644,644,16.0,30.0
645,645,16.0,30.0
646,646,12.0,33.0
647,647,16.0,30.0
648,648,16.0,30.0
649,649,4.0,24.0
650,650,16.0,30.0
651,651,16.0,30.0
652,652,16.0,30.0
653,653,16.0,30.0
654,654,16.0,30.0
655,655,16.0,30.0
656,656,16.0,30.0
657,657,16.0,30.0
658,658,16.0,30.0
659,659,16.0,30.0
660,660,16.0,30.0
661,661,4.0,24.0
662,662,16.0,30.0
663,663,16.0,30.0
664,664,16.0,30.0
665,665,16.0,30.0
666,666,16.0,30.0
667,667,16.0,30.0
668,668,16.0,30.0
669,669,16.0,30.0
670,670,16.0,30.0
671,671,14.0,29.0
672,672,16.0,30.0
673,673,16.0,30.0
674,674,16.0,30.0
675,675,16.0,30.0
676,676,16.0,30.0
677,677,16.0,30.0
678,678,16.0,30.0
679,679,16.0,30.0
680,680,16.0,30.0
681,681,16.0,30.0
682,682,16.0,30.0
683,683,16.0,30.0
684,684,16.0,30.0
685,685,16.0,30.0
686,686,14.0,29.0
687,687,16.0,30.0
688,688,16.0,30.0
689,689,16.0,30.0
690,690,4.0,24.0
691,691,16.0,30.0
692,692,16.0,30.0
693,693,16.0,30.0
694,694,16.0,30.0
695,695,16.0,30.0
696,696,16.0,30.0
697,697,16.0,30.0
698,698,16.0,30.0
699,699,19.0,28.0
700,700,4.0,24.0
701,701,16.0,30.0
702,702,16.0,30.0
703,703,16.0,30.0
704,704,12.0,33.0
705,705,16.0,30.0
706,706,16.0,30.0
707,707,19.0,28.0
708,708,16.0,30.0
709,709,16.0,30.0
710,710,16.0,30.0
711,711,16.0,30.0
712,712,15.0,29.0
713,713,16.0,30.0
714,714,16.0,30.0
715,715,16.0,30.0
716,716,16.0,30.0
717,717,16.0,30.0
718,718,16.0,30.0
719,719,16.0,30.0
720,720,16.0,30.0
721,721,16.0,30.0
722,722,16.0,30.0
723,723,16.0,30.0
724,724,16.0,30.0
725,725,16.0,30.0
726,726,16.0,30.0
727,727,4.0,24.0
728,728,16.0,30.0
729,729,16.0,30.0
730,730,16.0,30.0
731,731,16.0,30.0
732,732,14.0,29.0
733,733,16.0,30.0
734,734,4.0,24.0
735,735,16.0,30.0
736,736,16.0,30.0
737,737,16.0,30.0
738,738,16.0,30.0
739,739,16.0,30.0
740,740,16.0,30.0
741,741,16.0,30.0
742,742,16.0,30.0
743,743,16.0,30.0
744,744,16.0,30.0
745,745,16.0,30.0
746,746,16.0,30.0
747,747,16.0,30.0
748,748,16.0,30.0
749,749,19.0,28.0
750,750,16.0,30.0
751,751,16.0,30.0
752,752,16.0,30.0
753,753,16.0,30.0
754,754,16.0,30.0
755,755,16.0,30.0
756,756,16.0,30.0
757,757,16.0,30.0
758,758,21.0,32.0
759,759,4.0,24.0
760,760,16.0,30.0
761,761,16.0,30.0
762,762,16.0,30.0
763,763,16.0,30.0
764,764,16.0,30.0
765,765,16.0,30.0
766,766,16.0,30.0
767,767,16.0,30.0
768,768,16.0,30.0
769,769,16.0,30.0
770,770,16.0,30.0
771,771,16.0,30.0
772,772,16.0,30.0
773,773,16.0,30.0
774,774,16.0,30.0
775,775,16.0,30.0
776,776,16.0,30.0
777,777,16.0,30.0
778,778,16.0,30.0
779,779,16.0,30.0
780,780,16.0,30.0
781,781,16.0,30.0
782,782,16.0,30.0
783,783,16.0,30.0
784,784,16.0,30.0
785,785,16.0,30.0
786,786,16.0,30.0
787,787,19.0,28.0
788,788,16.0,30.0
789,789,16.0,34.0
790,790,16.0,30.0
791,791,16.0,30.0
792,792,19.0,28.0
793,793,16.0,30.0
794,794,16.0,30.0
795,795,16.0,30.0
796,796,14.0,29.0
797,797,16.0,30.0
798,798,21.0,31.0
799,799,16.0,30.0
800,800,16.0,30.0
801,801,16.0,30.0
802,802,16.0,30.0
803,803,16.0,30.0
804,804,16.0,30.0
805,805,16.0,30.0
806,806,19.0,27.0
807,807,4.0,24.0
808,808,18.0,33.0
809,809,16.0,30.0
810,810,16.0,30.0
811,811,16.0,30.0
812,812,16.0,30.0
813,813,16.0,30.0
814,814,16.0,30.0
815,815,16.0,30.0
816,816,16.0,30.0
817,817,16.0,30.0
818,818,16.0,30.0
819,819,14.0,29.0
820,820,16.0,30.0
821,821,16.0,30.0
822,822,16.0,30.0
823,823,16.0,30.0
824,824,16.0,30.0
825,825,16.0,30.0
826,826,16.0,30.0
827,827,16.0,30.0
828,828,16.0,30.0
829,829,16.0,30.0
830,830,16.0,30.0
831,831,16.0,30.0
832,832,16.0,30.0
833,833,16.0,30.0
834,834,16.0,30.0
835,835,16.0,30.0
836,836,16.0,30.0
837,837,16.0,30.0
838,838,16.0,30.0
839,839,16.0,30.0
840,840,16.0,30.0
841,841,16.0,30.0
842,842,16.0,30.0
843,843,16.0,30.0
844,844,16.0,30.0
845,845,16.0,30.0
846,846,16.0,30.0
847,847,16.0,30.0
848,848,16.0,30.0
849,849,16.0,30.0
850,850,16.0,30.0
851,851,16.0,30.0
852,852,16.0,30.0
853,853,16.0,30.0
854,854,16.0,30.0
855,855,16.0,30.0
856,856,16.0,30.0
857,857,19.0,28.0
858,858,16.0,30.0
859,859,16.0,30.0
860,860,16.0,30.0
861,861,16.0,30.0
862,862,16.0,30.0
863,863,16.0,30.0
864,864,16.0,30.0
865,865,16.0,30.0
866,866,16.0,30.0
867,867,4.0,24.0
868,868,16.0,30.0
869,869,16.0,30.0
870,870,16.0,30.0
871,871,16.0,30.0
872,872,16.0,30.0
873,873,16.0,30.0
874,874,16.0,30.0
875,875,19.0,28.0
876,876,16.0,30.0
877,877,16.0,30.0
878,878,16.0,30.0
879,879,16.0,30.0
880,880,16.0,30.0
881,881,16.0,30.0
882,882,12.0,38.0
883,883,16.0,30.0
884,884,16.0,30.0
885,885,16.0,30.0
886,886,16.0,30.0
887,887,16.0,30.0
888,888,16.0,30.0
889,889,16.0,30.0
890,890,16.0,30.0
891,891,16.0,30.0
892,892,18.0,30.0
893,893,16.0,30.0
894,894,16.0,30.0
895,895,16.0,30.0
896,896,16.0,30.0
897,897,16.0,30.0
898,898,16.0,30.0
899,899,16.0,30.0
900,900,16.0,30.0
901,901,16.0,30.0
902,902,16.0,30.0
903,903,16.0,30.0
904,904,16.0,30.0
905,905,14.0,29.0
906,906,16.0,30.0
907,907,16.0,30.0
908,908,16.0,30.0
909,909,16.0,30.0
910,910,15.0,33.0
911,911,19.0,28.0
912,912,16.0,30.0
913,913,16.0,30.0
914,914,16.0,30.0
915,915,16.0,30.0
916,916,16.0,30.0
917,917,16.0,30.0
918,918,16.0,30.0
919,919,16.0,30.0
920,920,16.0,30.0
921,921,14.0,29.0
922,922,4.0,24.0
923,923,16.0,29.0
924,924,16.0,30.0
925,925,16.0,30.0
926,926,16.0,30.0
927,927,16.0,30.0
928,928,16.0,30.0
929,929,16.0,30.0
930,930,16.0,30.0
931,931,16.0,30.0
932,932,16.0,30.0
933,933,16.0,30.0
934,934,16.0,30.0
935,935,16.0,30.0
936,936,16.0,30.0
937,937,16.0,30.0
938,938,16.0,30.0
939,939,14.0,29.0
940,940,16.0,30.0
941,941,16.0,30.0
942,942,16.0,30.0
943,943,4.0,24.0
944,944,16.0,30.0
945,945,16.0,30.0
946,946,4.0,24.0
947,947,16.0,30.0
948,948,16.0,30.0
949,949,16.0,30.0
950,950,16.0,30.0
951,951,16.0,30.0
952,952,16.0,30.0
953,953,16.0,30.0
954,954,16.0,30.0
955,955,16.0,30.0
956,956,21.0,31.0
957,957,16.0,30.0
958,958,16.0,30.0
959,959,4.0,24.0
960,960,16.0,30.0
961,961,16.0,30.0
962,962,16.0,30.0
963,963,16.0,30.0
964,964,16.0,30.0
965,965,16.0,30.0
966,966,15.0,31.0
967,967,19.0,28.0
968,968,16.0,30.0
969,969,16.0,30.0
970,970,16.0,30.0
971,971,16.0,30.0
972,972,16.0,30.0
973,973,16.0,30.0
974,974,16.0,30.0
975,975,16.0,30.0
976,976,16.0,30.0
977,977,16.0,30.0
978,978,16.0,30.0
979,979,16.0,30.0
980,980,16.0,30.0
981,981,16.0,30.0
982,982,16.0,30.0
983,983,16.0,30.0
984,984,16.0,30.0
985,985,16.0,30.0
986,986,16.0,30.0
987,987,16.0,30.0
988,988,16.0,30.0
989,989,16.0,30.0
990,990,16.0,30.0
991,991,16.0,30.0
992,992,16.0,30.0
993,993,16.0,30.0
994,994,16.0,30.0
995,995,4.0,24.0
996,996,16.0,30.0
997,997,16.0,30.0
998,998,16.0,30.0
999,999,16.0,30.0
1000,1000,16.0,30.0
1001,1001,16.0,30.0
1002,1002,16.0,30.0
1003,1003,16.0,30.0
1004,1004,16.0,30.0
1005,1005,4.0,24.0
1006,1006,16.0,30.0
1007,1007,15.0,31.0
1008,1008,16.0,30.0
1009,1009,16.0,30.0
1010,1010,16.0,30.0
1011,1011,16.0,30.0
1012,1012,4.0,24.0
1013,1013,16.0,30.0
1014,1014,16.0,30.0
1015,1015,16.0,30.0
1016,1016,16.0,30.0
1017,1017,16.0,30.0
1018,1018,16.0,30.0
1019,1019,16.0,30.0
1020,1020,16.0,30.0
1021,1021,16.0,30.0
1022,1022,14.0,29.0
1023,1023,14.0,29.0
1024,1024,16.0,30.0
1025,1025,16.0,30.0
1026,1026,16.0,30.0
1027,1027,12.0,33.0
1028,1028,16.0,30.0
1029,1029,16.0,30.0
1030,1030,16.0,30.0
1031,1031,16.0,30.0
1032,1032,16.0,30.0
1033,1033,19.0,28.0
1034,1034,16.0,30.0
1035,1035,16.0,30.0
1036,1036,16.0,30.0
1037,1037,16.0,30.0
1038,1038,19.0,28.0
1039,1039,16.0,29.0
1040,1040,16.0,30.0
1041,1041,16.0,30.0
1042,1042,16.0,30.0
1043,1043,16.0,30.0
1044,1044,16.0,30.0
1045,1045,16.0,30.0
1046,1046,16.0,30.0
1047,1047,16.0,30.0
1048,1048,16.0,30.0
1049,1049,16.0,30.0
1050,1050,4.0,24.0
1051,1051,4.0,24.0
1052,1052,16.0,30.0
1053,1053,16.0,30.0
1054,1054,16.0,30.0
1055,1055,16.0,30.0
1056,1056,16.0,30.0
1057,1057,16.0,30.0
1058,1058,16.0,30.0
1059,1059,16.0,30.0
1060,1060,16.0,30.0
1061,1061,16.0,30.0
1062,1062,16.0,30.0
1063,1063,16.0,30.0
1064,1064,16.0,30.0
1065,1065,4.0,24.0
1066,1066,16.0,30.0
1067,1067,16.0,30.0
1068,1068,16.0,30.0
1069,1069,16.0,30.0
1070,1070,4.0,24.0
1071,1071,16.0,30.0
1072,1072,16.0,30.0
1073,1073,16.0,30.0
1074,1074,16.0,30.0
1075,1075,16.0,30.0
1076,1076,16.0,30.0
1077,1077,16.0,30.0
1078,1078,12.0,33.0
1079,1079,16.0,30.0
1080,1080,19.0,28.0
1081,1081,16.0,30.0
1082,1082,4.0,24.0
1083,1083,16.0,30.0
1084,1084,4.0,24.0
1085,1085,16.0,30.0
1086,1086,16.0,30.0
1087,1087,16.0,30.0
1088,1088,16.0,30.0
1089,1089,16.0,30.0
1090,1090,16.0,30.0
1091,1091,14.0,29.0
1092,1092,16.0,30.0
1093,1093,16.0,30.0
1094,1094,16.0,30.0
1095,1095,16.0,30.0
1096,1096,16.0,30.0
1097,1097,16.0,30.0
1098,1098,16.0,30.0
1099,1099,4.0,24.0
1100,1100,16.0,30.0
1101,1101,16.0,30.0
1102,1102,16.0,30.0
1103,1103,16.0,30.0
1104,1104,16.0,30.0
1105,1105,16.0,30.0
1106,1106,16.0,30.0
1107,1107,16.0,30.0
1108,1108,16.0,30.0
1109,1109,16.0,30.0
1110,1110,16.0,30.0
1111,1111,16.0,29.0
1112,1112,16.0,30.0
1113,1113,16.0,30.0
1114,1114,16.0,30.0
1115,1115,16.0,30.0
1116,1116,19.0,28.0
1117,1117,16.0,30.0
1118,1118,14.0,29.0
1119,1119,16.0,30.0
1120,1120,16.0,30.0
1121,1121,16.0,30.0
1122,1122,16.0,30.0
1123,1123,19.0,28.0
1124,1124,16.0,30.0
1125,1125,11.0,32.0
1126,1126,16.0,30.0
1127,1127,16.0,30.0
1128,1128,16.0,30.0
1129,1129,16.0,30.0
1130,1130,16.0,30.0
1131,1131,16.0,30.0
1132,1132,16.0,30.0
1133,1133,16.0,30.0
1134,1134,16.0,30.0
1135,1135,16.0,30.0
1136,1136,16.0,30.0
1137,1137,16.0,30.0
1138,1138,16.0,30.0
1139,1139,16.0,30.0
1140,1140,16.0,30.0
1141,1141,16.0,30.0
1142,1142,16.0,30.0
1143,1143,16.0,30.0
1144,1144,16.0,30.0
1145,1145,16.0,30.0
1146,1146,16.0,30.0
1147,1147,16.0,30.0
1148,1148,16.0,30.0
1149,1149,19.0,28.0
1150,1150,16.0,30.0
1151,1151,16.0,30.0
1152,1152,16.0,30.0
1153,1153,16.0,30.0
1154,1154,16.0,30.0
1155,1155,16.0,30.0
1156,1156,4.0,24.0
1157,1157,16.0,30.0
1158,1158,16.0,30.0
1159,1159,16.0,30.0
1160,1160,16.0,30.0
1161,1161,16.0,30.0
1162,1162,16.0,30.0
1163,1163,16.0,30.0
1164,1164,16.0,30.0
1165,1165,16.0,30.0
1166,1166,16.0,30.0
1167,1167,16.0,30.0
1168,1168,4.0,24.0
1169,1169,16.0,30.0
1170,1170,12.0,38.0
1171,1171,16.0,30.0
1172,1172,16.0,30.0
1173,1173,16.0,30.0
1174,1174,16.0,30.0
1175,1175,16.0,30.0
1176,1176,16.0,30.0
1177,1177,16.0,30.0
1178,1178,16.0,30.0
1179,1179,16.0,30.0
1180,1180,16.0,30.0
1181,1181,16.0,30.0
1182,1182,16.0,30.0
1183,1183,16.0,30.0
1184,1184,16.0,30.0
1185,1185,16.0,30.0
1186,1186,16.0,30.0
1187,1187,16.0,30.0
1188,1188,16.0,30.0
1189,1189,16.0,30.0
1190,1190,16.0,30.0
1191,1191,16.0,30.0
1192,1192,16.0,30.0
1193,1193,14.0,29.0
1194,1194,16.0,30.0
1195,1195,16.0,30.0
1196,1196,14.0,29.0
1197,1197,16.0,30.0
1198,1198,16.0,30.0
1199,1199,16.0,30.0
1200,1200,16.0,30.0
1201,1201,16.0,30.0
1202,1202,16.0,30.0
1203,1203,16.0,30.0
1204,1204,16.0,30.0
1205,1205,16.0,30.0
1206,1206,12.0,33.0
1207,1207,16.0,30.0
1208,1208,4.0,24.0
1209,1209,16.0,30.0
1210,1210,16.0,30.0
1211,1211,16.0,30.0
1212,1212,4.0,24.0
1213,1213,16.0,30.0
1214,1214,16.0,30.0
1215,1215,16.0,30.0
1216,1216,16.0,30.0
1217,1217,16.0,30.0
1218,1218,16.0,30.0
1219,1219,16.0,30.0
1220,1220,16.0,30.0
1221,1221,16.0,30.0
1222,1222,16.0,30.0
1223,1223,16.0,30.0
1224,1224,16.0,30.0
1225,1225,16.0,30.0
1226,1226,16.0,30.0
1227,1227,16.0,30.0
1228,1228,16.0,30.0
1229,1229,16.0,30.0
1230,1230,16.0,30.0
1231,1231,16.0,30.0
1232,1232,16.0,30.0
1233,1233,16.0,30.0
1234,1234,16.0,30.0
1235,1235,16.0,30.0
1236,1236,16.0,30.0
1237,1237,16.0,30.0
1238,1238,16.0,30.0
1239,1239,16.0,30.0
1240,1240,16.0,30.0
1241,1241,4.0,24.0
1242,1242,16.0,30.0
1243,1243,19.0,28.0
1244,1244,16.0,30.0
1245,1245,16.0,30.0
1246,1246,16.0,30.0
1247,1247,16.0,30.0
1248,1248,16.0,30.0
1249,1249,16.0,30.0
1250,1250,16.0,30.0
1251,1251,16.0,30.0
1252,1252,16.0,30.0
1253,1253,16.0,30.0
1254,1254,16.0,30.0
1255,1255,16.0,30.0
1256,1256,16.0,30.0
1257,1257,4.0,24.0
1258,1258,16.0,30.0
1259,1259,16.0,30.0
1260,1260,16.0,30.0
1261,1261,16.0,30.0
1262,1262,4.0,24.0
1263,1263,16.0,30.0
1264,1264,16.0,30.0
1265,1265,16.0,30.0
1266,1266,16.0,30.0
1267,1267,16.0,30.0
1268,1268,16.0,30.0
1269,1269,16.0,30.0
1270,1270,16.0,30.0
1271,1271,4.0,24.0
1272,1272,16.0,30.0
1273,1273,16.0,30.0
1274,1274,16.0,30.0
1275,1275,16.0,30.0
1276,1276,16.0,30.0
1277,1277,16.0,30.0
1278,1278,16.0,30.0
1279,1279,16.0,30.0
1280,1280,4.0,24.0
1281,1281,16.0,30.0
1282,1282,16.0,30.0
1283,1283,16.0,30.0
1284,1284,16.0,30.0
1285,1285,16.0,30.0
1286,1286,16.0,30.0
1287,1287,11.0,16.0
1288,1288,16.0,30.0
1289,1289,16.0,30.0
1290,1290,16.0,30.0
1291,1291,4.0,24.0
1292,1292,16.0,30.0
1293,1293,16.0,30.0
1294,1294,16.0,30.0
1295,1295,16.0,30.0
1296,1296,16.0,30.0
1297,1297,16.0,30.0
1298,1298,16.0,30.0
1299,1299,16.0,30.0
1300,1300,14.0,29.0
1301,1301,16.0,30.0
1302,1302,16.0,30.0
1303,1303,16.0,30.0
1304,1304,16.0,30.0
1305,1305,16.0,30.0
1306,1306,12.0,33.0
1307,1307,16.0,30.0
1308,1308,16.0,30.0
1309,1309,16.0,30.0
1310,1310,16.0,30.0
1311,1311,16.0,30.0
1312,1312,12.0,38.0
1313,1313,16.0,30.0
1314,1314,4.0,24.0
1315,1315,16.0,30.0
1316,1316,16.0,30.0
1317,1317,16.0,30.0
1318,1318,15.0,31.0
1319,1319,16.0,30.0
1320,1320,16.0,30.0
1321,1321,16.0,30.0
1322,1322,16.0,30.0
1323,1323,16.0,30.0
1324,1324,4.0,24.0
1325,1325,16.0,30.0
1326,1326,16.0,30.0
1327,1327,16.0,30.0
1328,1328,16.0,30.0
1329,1329,16.0,30.0
1330,1330,16.0,30.0
1331,1331,4.0,24.0
1332,1332,16.0,30.0
1333,1333,4.0,24.0
1334,1334,16.0,30.0
1335,1335,16.0,30.0
1336,1336,16.0,30.0
1337,1337,16.0,30.0
1338,1338,16.0,30.0
1339,1339,18.0,30.0
1340,1340,16.0,30.0
1341,1341,16.0,30.0
1342,1342,16.0,30.0
1343,1343,16.0,30.0
1344,1344,16.0,33.0
1345,1345,16.0,30.0
1346,1346,16.0,30.0
1347,1347,16.0,30.0
1348,1348,16.0,30.0
1349,1349,16.0,30.0
1350,1350,16.0,30.0
1351,1351,16.0,30.0
1352,1352,16.0,30.0
1353,1353,16.0,30.0
1354,1354,16.0,30.0
1355,1355,16.0,30.0
1356,1356,16.0,29.0
1357,1357,16.0,30.0
1358,1358,16.0,30.0
1359,1359,16.0,30.0
1360,1360,16.0,30.0
1361,1361,16.0,30.0
1362,1362,16.0,30.0
1363,1363,16.0,30.0
1364,1364,16.0,30.0
1365,1365,17.0,32.0
1366,1366,16.0,30.0
1367,1367,16.0,30.0
1368,1368,16.0,30.0
1369,1369,4.0,24.0
1370,1370,16.0,30.0
1371,1371,16.0,30.0
1372,1372,4.0,24.0
1373,1373,16.0,30.0
1374,1374,16.0,30.0
1375,1375,16.0,30.0
1376,1376,16.0,30.0
1377,1377,16.0,30.0
1378,1378,16.0,30.0
1379,1379,16.0,30.0
1380,1380,16.0,30.0
1381,1381,16.0,30.0
1382,1382,16.0,30.0
1383,1383,16.0,30.0
1384,1384,16.0,30.0
1385,1385,16.0,30.0
1386,1386,16.0,30.0
1387,1387,20.0,21.0
1388,1388,4.0,24.0
1389,1389,16.0,30.0
1390,1390,16.0,30.0
1391,1391,16.0,30.0
1392,1392,16.0,30.0
1393,1393,16.0,30.0
1394,1394,16.0,30.0
1395,1395,16.0,30.0
1396,1396,16.0,30.0
1397,1397,16.0,30.0
1398,1398,16.0,30.0
1399,1399,16.0,30.0
1400,1400,16.0,30.0
1401,1401,16.0,30.0
1402,1402,16.0,30.0
1403,1403,16.0,30.0
1404,1404,16.0,30.0
1405,1405,16.0,30.0
1406,1406,16.0,30.0
1407,1407,16.0,30.0
1408,1408,19.0,28.0
1409,1409,16.0,30.0
1410,1410,16.0,30.0
1411,1411,16.0,30.0
1412,1412,16.0,30.0
1413,1413,16.0,30.0
1414,1414,16.0,30.0
1415,1415,16.0,30.0
1416,1416,16.0,30.0
1417,1417,16.0,30.0
1418,1418,16.0,30.0
1419,1419,16.0,30.0
1420,1420,16.0,30.0
1421,1421,16.0,30.0
1422,1422,4.0,24.0
1423,1423,19.0,28.0
1424,1424,19.0,28.0
1425,1425,16.0,30.0
1426,1426,13.0,35.0
1427,1427,16.0,30.0
1428,1428,16.0,30.0
1429,1429,16.0,30.0
1430,1430,16.0,30.0
1431,1431,16.0,30.0
1432,1432,16.0,30.0
1433,1433,16.0,30.0
1434,1434,16.0,30.0
1435,1435,16.0,30.0
1436,1436,14.0,29.0
1437,1437,16.0,30.0
1438,1438,16.0,30.0
1439,1439,16.0,30.0
1440,1440,16.0,30.0
1441,1441,16.0,30.0
1442,1442,16.0,30.0
1443,1443,16.0,30.0
1444,1444,16.0,30.0
1445,1445,16.0,30.0
1446,1446,16.0,30.0
1447,1447,4.0,24.0
1448,1448,16.0,30.0
1449,1449,16.0,30.0
1450,1450,16.0,30.0
1451,1451,16.0,30.0
1452,1452,16.0,30.0
1453,1453,4.0,24.0
1454,1454,16.0,30.0
1455,1455,15.0,31.0
1456,1456,16.0,30.0
1457,1457,16.0,30.0
1458,1458,15.0,32.0
1459,1459,16.0,30.0
1460,1460,4.0,24.0
1461,1461,16.0,30.0
1462,1462,16.0,30.0
1463,1463,16.0,30.0
1464,1464,16.0,30.0
1465,1465,16.0,30.0
1466,1466,16.0,30.0
1467,1467,16.0,30.0
1468,1468,16.0,30.0
1469,1469,16.0,30.0
1470,1470,16.0,30.0
1471,1471,16.0,30.0
1472,1472,16.0,30.0
1473,1473,16.0,30.0
1474,1474,16.0,30.0
1475,1475,19.0,28.0
1476,1476,16.0,30.0
1477,1477,18.0,26.0
1478,1478,16.0,30.0
1479,1479,16.0,30.0
1480,1480,16.0,30.0
1481,1481,16.0,30.0
1482,1482,16.0,30.0
1483,1483,16.0,30.0
1484,1484,16.0,30.0
1485,1485,16.0,30.0
1486,1486,4.0,24.0
1487,1487,16.0,30.0
1488,1488,16.0,30.0
1489,1489,16.0,30.0
1490,1490,16.0,30.0
1491,1491,16.0,30.0
1492,1492,12.0,33.0
1493,1493,16.0,30.0
1494,1494,16.0,30.0
1495,1495,4.0,24.0
1496,1496,16.0,30.0
1497,1497,16.0,30.0
1498,1498,16.0,30.0
1499,1499,16.0,30.0
1500,1500,16.0,30.0
1501,1501,16.0,30.0
1502,1502,16.0,30.0
1503,1503,12.0,35.0
1504,1504,16.0,30.0
1505,1505,4.0,24.0
1506,1506,16.0,30.0
1507,1507,16.0,30.0
1508,1508,16.0,30.0
1509,1509,16.0,30.0
1510,1510,16.0,30.0
1511,1511,16.0,30.0
1512,1512,16.0,30.0
1513,1513,16.0,30.0
1514,1514,16.0,30.0
1515,1515,16.0,30.0
1516,1516,16.0,30.0
1517,1517,16.0,30.0
1518,1518,16.0,30.0
1519,1519,16.0,30.0
1520,1520,16.0,30.0
1521,1521,16.0,30.0
1522,1522,16.0,30.0
1523,1523,16.0,30.0
1524,1524,16.0,30.0
1525,1525,19.0,28.0
1526,1526,16.0,30.0
1527,1527,16.0,30.0
1528,1528,16.0,30.0
1529,1529,16.0,30.0
1530,1530,16.0,30.0
1531,1531,4.0,24.0
1532,1532,16.0,30.0
1533,1533,16.0,30.0
1534,1534,16.0,30.0
1535,1535,16.0,30.0
1536,1536,16.0,30.0
1537,1537,16.0,30.0
1538,1538,16.0,30.0
1539,1539,16.0,30.0
1540,1540,16.0,30.0
1541,1541,4.0,24.0
1542,1542,16.0,26.0
1543,1543,16.0,30.0
1544,1544,16.0,30.0
1545,1545,16.0,30.0
1546,1546,16.0,30.0
1547,1547,16.0,30.0
1548,1548,16.0,30.0
1549,1549,16.0,30.0
1550,1550,16.0,30.0
1551,1551,16.0,30.0
1552,1552,16.0,30.0
1553,1553,16.0,30.0
1554,1554,16.0,30.0
1555,1555,16.0,29.0
1556,1556,16.0,30.0
1557,1557,16.0,30.0
1558,1558,16.0,30.0
1559,1559,16.0,30.0
1560,1560,16.0,30.0
1561,1561,4.0,24.0
1562,1562,16.0,30.0
1563,1563,16.0,30.0
1564,1564,19.0,28.0
1565,1565,16.0,30.0
1566,1566,16.0,30.0
1567,1567,16.0,30.0
1568,1568,16.0,30.0
1569,1569,16.0,30.0
1570,1570,16.0,30.0
1571,1571,16.0,30.0
1572,1572,16.0,30.0
1573,1573,16.0,30.0
1574,1574,16.0,30.0
1575,1575,16.0,30.0
1576,1576,16.0,30.0
1577,1577,16.0,29.0
1578,1578,16.0,30.0
1579,1579,16.0,30.0
1580,1580,16.0,30.0
1581,1581,16.0,30.0
1582,1582,16.0,30.0
1583,1583,16.0,30.0
1584,1584,16.0,30.0
1585,1585,16.0,30.0
1586,1586,16.0,30.0
1587,1587,16.0,30.0
1588,1588,16.0,30.0
1589,1589,16.0,30.0
1590,1590,16.0,30.0
1591,1591,16.0,30.0
1592,1592,16.0,30.0
1593,1593,16.0,30.0
1594,1594,16.0,30.0
1595,1595,16.0,30.0
1596,1596,16.0,30.0
1597,1597,4.0,24.0
1598,1598,16.0,30.0
1599,1599,16.0,30.0
1600,1600,16.0,30.0
1601,1601,16.0,30.0
1602,1602,16.0,30.0
1603,1603,16.0,30.0
1604,1604,4.0,24.0
1605,1605,16.0,30.0
1606,1606,4.0,24.0
1607,1607,14.0,29.0
1608,1608,4.0,24.0
1609,1609,16.0,30.0
1610,1610,16.0,30.0
1611,1611,11.0,37.0
1612,1612,16.0,30.0
1613,1613,16.0,30.0
1614,1614,16.0,30.0
1615,1615,19.0,28.0
1616,1616,16.0,30.0
1617,1617,16.0,30.0
1618,1618,16.0,30.0
1619,1619,16.0,30.0
1620,1620,16.0,30.0
1621,1621,4.0,24.0
1622,1622,16.0,30.0
1623,1623,16.0,30.0
1624,1624,16.0,30.0
1625,1625,16.0,30.0
1626,1626,16.0,30.0
1627,1627,16.0,30.0
1628,1628,16.0,30.0
1629,1629,16.0,30.0
1630,1630,16.0,30.0
1631,1631,16.0,30.0
1632,1632,16.0,30.0
1633,1633,16.0,30.0
1634,1634,16.0,30.0
1635,1635,14.0,29.0
1636,1636,16.0,30.0
1637,1637,16.0,30.0
1638,1638,16.0,30.0
1639,1639,16.0,30.0
1640,1640,16.0,30.0
1641,1641,16.0,30.0
1642,1642,11.0,35.0
1643,1643,16.0,30.0
1644,1644,16.0,30.0
1645,1645,16.0,30.0
1646,1646,16.0,30.0
1647,1647,16.0,30.0
1648,1648,16.0,30.0
1649,1649,16.0,30.0
1650,1650,16.0,30.0
1651,1651,16.0,30.0
1652,1652,16.0,30.0
1653,1653,16.0,30.0
1654,1654,16.0,30.0
1655,1655,16.0,30.0
1656,1656,16.0,30.0
1657,1657,16.0,30.0
1658,1658,16.0,30.0
1659,1659,16.0,30.0
1660,1660,16.0,30.0
1661,1661,16.0,30.0
1662,1662,19.0,28.0
1663,1663,16.0,30.0
1664,1664,16.0,30.0
1665,1665,16.0,30.0
1666,1666,16.0,30.0
1667,1667,16.0,33.0
1668,1668,14.0,29.0
1669,1669,16.0,30.0
1670,1670,4.0,24.0
1671,1671,19.0,28.0
1672,1672,16.0,30.0
1673,1673,16.0,30.0
1674,1674,16.0,30.0
1675,1675,16.0,30.0
1676,1676,16.0,30.0
1677,1677,16.0,30.0
1678,1678,16.0,30.0
1679,1679,16.0,30.0
1680,1680,14.0,29.0
1681,1681,16.0,30.0
1682,1682,16.0,30.0
1683,1683,12.0,33.0
1684,1684,16.0,30.0
1685,1685,16.0,30.0
1686,1686,16.0,30.0
1687,1687,15.0,31.0
1688,1688,16.0,30.0
1689,1689,16.0,30.0
1690,1690,16.0,30.0
1691,1691,16.0,30.0
1692,1692,16.0,30.0
1693,1693,16.0,30.0
1694,1694,16.0,30.0
1695,1695,16.0,30.0
1696,1696,16.0,30.0
1697,1697,16.0,30.0
1698,1698,16.0,30.0
1699,1699,16.0,30.0
1700,1700,14.0,29.0
1701,1701,16.0,30.0
1702,1702,16.0,30.0
1703,1703,16.0,30.0
1704,1704,16.0,30.0
1705,1705,16.0,30.0
1706,1706,16.0,30.0
1707,1707,16.0,30.0
1708,1708,14.0,29.0
1709,1709,16.0,30.0
1710,1710,16.0,30.0
1711,1711,16.0,30.0
1712,1712,16.0,30.0
1713,1713,16.0,30.0
1714,1714,16.0,30.0
1715,1715,16.0,30.0
1716,1716,16.0,30.0
1717,1717,16.0,30.0
1718,1718,16.0,30.0
1719,1719,16.0,30.0
1720,1720,16.0,30.0
1721,1721,16.0,30.0
1722,1722,16.0,30.0
1723,1723,16.0,30.0
1724,1724,16.0,30.0
1725,1725,16.0,30.0
1726,1726,16.0,30.0
1727,1727,16.0,30.0
1728,1728,4.0,24.0
1729,1729,16.0,30.0
1730,1730,16.0,30.0
1731,1731,12.0,38.0
1732,1732,16.0,30.0
1733,1733,14.0,29.0
1734,1734,16.0,30.0
1735,1735,16.0,30.0
1736,1736,16.0,30.0
1737,1737,16.0,30.0
1738,1738,16.0,30.0
1739,1739,16.0,30.0
1740,1740,16.0,30.0
1741,1741,16.0,30.0
1742,1742,16.0,30.0
1743,1743,16.0,30.0
1744,1744,16.0,30.0
1745,1745,16.0,30.0
1746,1746,16.0,30.0
1747,1747,16.0,30.0
1748,1748,16.0,30.0
1749,1749,14.0,29.0
1750,1750,16.0,30.0
1751,1751,16.0,30.0
1752,1752,16.0,30.0
1753,1753,16.0,30.0
1754,1754,16.0,30.0
1755,1755,16.0,30.0
1756,1756,16.0,30.0
1757,1757,16.0,30.0
1758,1758,16.0,30.0
1759,1759,16.0,30.0
1760,1760,16.0,30.0
1761,1761,16.0,30.0
1762,1762,16.0,30.0
1763,1763,16.0,30.0
1764,1764,16.0,30.0
1765,1765,16.0,30.0
1766,1766,16.0,30.0
1767,1767,14.0,29.0
1768,1768,16.0,30.0
1769,1769,16.0,30.0
1770,1770,16.0,30.0
1771,1771,17.0,33.0
1772,1772,16.0,30.0
1773,1773,16.0,30.0
1774,1774,19.0,28.0
1775,1775,16.0,30.0
1776,1776,16.0,30.0
1777,1777,16.0,30.0
1778,1778,23.0,29.0
1779,1779,16.0,30.0
1780,1780,16.0,30.0
1781,1781,16.0,30.0
1782,1782,16.0,30.0
