,imageID,right_eye_outer_corner_x,right_eye_outer_corner_y
0,0,26.0,37.0
1,1,22.0,38.0
2,2,22.0,37.0
3,3,22.0,38.0
4,4,22.0,38.0
5,5,22.0,38.0
6,6,22.0,38.0
7,7,22.0,38.0
8,8,26.0,37.0
9,9,22.0,38.0
10,10,26.0,37.0
11,11,26.0,37.0
12,12,24.0,37.0
13,13,22.0,38.0
14,14,22.0,38.0
15,15,23.0,38.0
16,16,22.0,38.0
17,17,26.0,37.0
18,18,26.0,37.0
19,19,26.0,37.0
20,20,26.0,37.0
21,21,22.0,38.0
22,22,23.0,38.0
23,23,22.0,38.0
24,24,22.0,38.0
25,25,22.0,38.0
26,26,22.0,38.0
27,27,22.0,38.0
28,28,22.0,38.0
29,29,26.0,37.0
30,30,22.0,38.0
31,31,26.0,37.0
32,32,22.0,38.0
33,33,22.0,38.0
34,34,27.0,35.0
35,35,23.0,38.0
36,36,22.0,38.0
37,37,26.0,37.0
38,38,23.0,38.0
39,39,26.0,37.0
40,40,24.0,43.0
41,41,22.0,38.0
42,42,22.0,38.0
43,43,27.0,34.0
44,44,22.0,38.0
45,45,22.0,38.0
46,46,22.0,38.0
47,47,26.0,37.0
48,48,22.0,38.0
49,49,22.0,38.0
50,50,22.0,38.0
51,51,25.0,39.0
52,52,22.0,38.0
53,53,22.0,38.0
54,54,25.0,39.0
55,55,23.0,38.0
56,56,26.0,37.0
57,57,22.0,38.0
58,58,22.0,38.0
59,59,24.0,40.0
60,60,22.0,38.0
61,61,22.0,38.0
62,62,26.0,37.0
63,63,25.0,35.0
64,64,24.0,36.0
65,65,22.0,38.0
66,66,24.0,40.0
67,67,22.0,38.0
68,68,25.0,37.0
69,69,22.0,38.0
70,70,22.0,38.0
71,71,22.0,38.0
72,72,22.0,38.0
73,73,24.0,38.0
74,74,25.0,37.0
75,75,22.0,38.0
76,76,26.0,37.0
77,77,25.0,39.0
78,78,22.0,38.0
79,79,25.0,39.0
80,80,22.0,38.0
81,81,22.0,38.0
82,82,22.0,38.0
83,83,26.0,37.0
84,84,26.0,37.0
85,85,23.0,36.0
86,86,22.0,38.0
87,87,22.0,38.0
88,88,22.0,38.0
89,89,22.0,38.0
90,90,26.0,37.0
91,91,27.0,38.0
92,92,22.0,38.0
93,93,22.0,38.0
94,94,23.0,38.0
95,95,22.0,38.0
96,96,22.0,38.0
97,97,22.0,38.0
98,98,26.0,37.0
99,99,26.0,37.0
100,100,22.0,38.0
101,101,27.0,34.0
102,102,22.0,38.0
103,103,22.0,38.0
104,104,22.0,38.0
105,105,25.0,39.0
106,106,22.0,38.0
107,107,26.0,37.0
108,108,22.0,38.0
109,109,22.0,38.0
110,110,22.0,38.0
111,111,25.0,39.0
112,112,27.0,40.0
113,113,22.0,38.0
114,114,22.0,38.0
115,115,22.0,38.0
116,116,26.0,37.0
117,117,23.0,38.0
118,118,22.0,38.0
119,119,22.0,38.0
120,120,22.0,38.0
121,121,26.0,37.0
122,122,22.0,38.0
123,123,25.0,37.0
124,124,25.0,39.0
125,125,22.0,39.0
126,126,26.0,37.0
127,127,22.0,38.0
128,128,22.0,38.0
129,129,22.0,38.0
130,130,22.0,38.0
131,131,24.0,40.0
132,132,22.0,38.0
133,133,22.0,38.0
134,134,23.0,38.0
135,135,27.0,34.0
136,136,22.0,38.0
137,137,22.0,38.0
138,138,20.0,39.0
139,139,27.0,35.0
140,140,22.0,38.0
141,141,22.0,38.0
142,142,22.0,38.0
143,143,26.0,37.0
144,144,24.0,40.0
145,145,26.0,37.0
146,146,26.0,37.0
147,147,22.0,38.0
148,148,22.0,38.0
149,149,26.0,38.0
150,150,22.0,38.0
151,151,22.0,38.0
152,152,22.0,35.0
153,153,26.0,38.0
154,154,22.0,38.0
155,155,22.0,38.0
156,156,26.0,37.0
157,157,22.0,39.0
158,158,22.0,38.0
159,159,23.0,37.0
160,160,23.0,39.0
161,161,22.0,38.0
162,162,22.0,38.0
163,163,22.0,38.0
164,164,24.0,43.0
165,165,21.0,38.0
166,166,22.0,38.0
167,167,22.0,38.0
168,168,22.0,39.0
169,169,22.0,38.0
170,170,22.0,38.0
171,171,22.0,38.0
172,172,22.0,38.0
173,173,26.0,37.0
174,174,22.0,38.0
175,175,22.0,38.0
176,176,26.0,37.0
177,177,24.0,38.0
178,178,25.0,39.0
179,179,20.0,36.0
180,180,22.0,38.0
181,181,22.0,38.0
182,182,25.0,40.0
183,183,26.0,37.0
184,184,22.0,38.0
185,185,22.0,38.0
186,186,22.0,38.0
187,187,22.0,38.0
188,188,22.0,37.0
189,189,23.0,38.0
190,190,22.0,38.0
191,191,26.0,37.0
192,192,26.0,37.0
193,193,22.0,38.0
194,194,26.0,37.0
195,195,22.0,38.0
196,196,22.0,38.0
197,197,26.0,37.0
198,198,22.0,38.0
199,199,22.0,38.0
200,200,22.0,38.0
201,201,22.0,38.0
202,202,22.0,38.0
203,203,26.0,37.0
204,204,26.0,40.0
205,205,22.0,38.0
206,206,22.0,38.0
207,207,22.0,38.0
208,208,22.0,38.0
209,209,22.0,37.0
210,210,25.0,38.0
211,211,22.0,39.0
212,212,22.0,39.0
213,213,23.0,38.0
214,214,22.0,38.0
215,215,23.0,38.0
216,216,22.0,38.0
217,217,20.0,38.0
218,218,22.0,38.0
219,219,26.0,37.0
220,220,22.0,38.0
221,221,22.0,38.0
222,222,22.0,38.0
223,223,23.0,37.0
224,224,26.0,37.0
225,225,26.0,37.0
226,226,25.0,39.0
227,227,26.0,37.0
228,228,26.0,37.0
229,229,22.0,38.0
230,230,25.0,37.0
231,231,23.0,38.0
232,232,26.0,37.0
233,233,26.0,37.0
234,234,25.0,39.0
235,235,22.0,38.0
236,236,23.0,38.0
237,237,25.0,39.0
238,238,22.0,38.0
239,239,25.0,37.0
240,240,22.0,38.0
241,241,22.0,38.0
242,242,22.0,38.0
243,243,24.0,37.0
244,244,22.0,38.0
245,245,22.0,38.0
246,246,26.0,37.0
247,247,22.0,38.0
248,248,23.0,38.0
249,249,27.0,35.0
250,250,22.0,38.0
251,251,20.0,37.0
252,252,26.0,37.0
253,253,25.0,39.0
254,254,22.0,38.0
255,255,26.0,37.0
256,256,22.0,38.0
257,257,22.0,38.0
258,258,22.0,38.0
259,259,26.0,37.0
260,260,22.0,38.0
261,261,26.0,37.0
262,262,22.0,38.0
263,263,22.0,38.0
264,264,22.0,38.0
265,265,24.0,37.0
266,266,23.0,38.0
267,267,23.0,38.0
268,268,22.0,38.0
269,269,22.0,38.0
270,270,22.0,38.0
271,271,22.0,38.0
272,272,22.0,38.0
273,273,26.0,37.0
274,274,22.0,39.0
275,275,23.0,38.0
276,276,21.0,38.0
277,277,22.0,38.0
278,278,21.0,38.0
279,279,22.0,38.0
280,280,26.0,37.0
281,281,25.0,39.0
282,282,27.0,35.0
283,283,26.0,38.0
284,284,20.0,37.0
285,285,26.0,37.0
286,286,22.0,38.0
287,287,22.0,38.0
288,288,22.0,38.0
289,289,22.0,38.0
290,290,22.0,38.0
291,291,26.0,37.0
292,292,22.0,38.0
293,293,22.0,38.0
294,294,21.0,38.0
295,295,20.0,37.0
296,296,22.0,38.0
297,297,22.0,38.0
298,298,19.0,38.0
299,299,22.0,38.0
300,300,19.0,38.0
301,301,22.0,38.0
302,302,22.0,38.0
303,303,21.0,38.0
304,304,22.0,38.0
305,305,22.0,38.0
306,306,22.0,38.0
307,307,22.0,38.0
308,308,22.0,38.0
309,309,22.0,38.0
310,310,22.0,38.0
311,311,22.0,38.0
312,312,22.0,38.0
313,313,22.0,38.0
314,314,22.0,38.0
315,315,22.0,38.0
316,316,22.0,38.0
317,317,22.0,38.0
318,318,22.0,38.0
319,319,22.0,38.0
320,320,21.0,38.0
321,321,22.0,38.0
322,322,22.0,38.0
323,323,22.0,38.0
324,324,22.0,38.0
325,325,22.0,38.0
326,326,22.0,38.0
327,327,22.0,38.0
328,328,22.0,38.0
329,329,21.0,39.0
330,330,22.0,38.0
331,331,22.0,38.0
332,332,26.0,37.0
333,333,22.0,38.0
334,334,22.0,38.0
335,335,22.0,38.0
336,336,22.0,38.0
337,337,22.0,38.0
338,338,22.0,38.0
339,339,22.0,38.0
340,340,22.0,38.0
341,341,21.0,38.0
342,342,22.0,38.0
343,343,22.0,38.0
344,344,22.0,38.0
345,345,22.0,38.0
346,346,19.0,38.0
347,347,22.0,38.0
348,348,19.0,38.0
349,349,22.0,38.0
350,350,22.0,38.0
351,351,26.0,36.0
352,352,20.0,34.0
353,353,22.0,38.0
354,354,22.0,38.0
355,355,22.0,38.0
356,356,22.0,38.0
357,357,22.0,38.0
358,358,22.0,37.0
359,359,22.0,38.0
360,360,22.0,38.0
361,361,22.0,38.0
362,362,22.0,38.0
363,363,22.0,38.0
364,364,22.0,38.0
365,365,20.0,39.0
366,366,22.0,38.0
367,367,22.0,38.0
368,368,18.0,39.0
369,369,19.0,38.0
370,370,22.0,38.0
371,371,22.0,38.0
372,372,22.0,38.0
373,373,22.0,38.0
374,374,22.0,38.0
375,375,19.0,38.0
376,376,22.0,38.0
377,377,19.0,42.0
378,378,22.0,38.0
379,379,21.0,37.0
380,380,22.0,38.0
381,381,22.0,38.0
382,382,24.0,37.0
383,383,22.0,38.0
384,384,21.0,39.0
385,385,22.0,38.0
386,386,22.0,38.0
387,387,22.0,38.0
388,388,22.0,38.0
389,389,21.0,38.0
390,390,22.0,38.0
391,391,22.0,38.0
392,392,22.0,38.0
393,393,22.0,38.0
394,394,20.0,34.0
395,395,22.0,38.0
396,396,22.0,38.0
397,397,22.0,38.0
398,398,22.0,38.0
399,399,22.0,38.0
400,400,22.0,38.0
401,401,19.0,38.0
402,402,22.0,38.0
403,403,22.0,38.0
404,404,22.0,38.0
405,405,22.0,38.0
406,406,22.0,38.0
407,407,22.0,38.0
408,408,22.0,38.0
409,409,22.0,38.0
410,410,22.0,38.0
411,411,22.0,38.0
412,412,22.0,38.0
413,413,22.0,38.0
414,414,22.0,38.0
415,415,22.0,38.0
416,416,22.0,38.0
417,417,22.0,38.0
418,418,22.0,38.0
419,419,22.0,38.0
420,420,22.0,38.0
421,421,22.0,38.0
422,422,22.0,38.0
423,423,22.0,38.0
424,424,22.0,38.0
425,425,22.0,38.0
426,426,22.0,38.0
427,427,26.0,37.0
428,428,26.0,37.0
429,429,22.0,38.0
430,430,22.0,38.0
431,431,22.0,38.0
432,432,22.0,38.0
433,433,22.0,38.0
434,434,22.0,38.0
435,435,22.0,38.0
436,436,22.0,38.0
437,437,22.0,38.0
438,438,20.0,41.0
439,439,22.0,38.0
440,440,22.0,38.0
441,441,22.0,38.0
442,442,22.0,38.0
443,443,22.0,38.0
444,444,22.0,38.0
445,445,22.0,38.0
446,446,22.0,38.0
447,447,22.0,38.0
448,448,22.0,38.0
449,449,22.0,38.0
450,450,22.0,38.0
451,451,22.0,38.0
452,452,22.0,38.0
453,453,22.0,38.0
454,454,22.0,38.0
455,455,22.0,38.0
456,456,22.0,38.0
457,457,22.0,38.0
458,458,22.0,38.0
459,459,22.0,38.0
460,460,22.0,38.0
461,461,22.0,38.0
462,462,22.0,38.0
463,463,22.0,38.0
464,464,22.0,38.0
465,465,22.0,38.0
466,466,22.0,38.0
467,467,22.0,38.0
468,468,22.0,38.0
469,469,22.0,38.0
470,470,22.0,38.0
471,471,22.0,38.0
472,472,22.0,38.0
473,473,22.0,38.0
474,474,22.0,38.0
475,475,22.0,38.0
476,476,22.0,38.0
477,477,22.0,38.0
478,478,22.0,38.0
479,479,22.0,38.0
480,480,22.0,38.0
481,481,22.0,38.0
482,482,22.0,38.0
483,483,22.0,38.0
484,484,22.0,38.0
485,485,22.0,38.0
486,486,22.0,38.0
487,487,22.0,38.0
488,488,22.0,38.0
489,489,22.0,38.0
490,490,22.0,38.0
491,491,24.0,37.0
492,492,22.0,38.0
493,493,22.0,38.0
494,494,22.0,38.0
495,495,22.0,38.0
496,496,22.0,38.0
497,497,22.0,38.0
498,498,22.0,38.0
499,499,22.0,38.0
500,500,22.0,38.0
501,501,22.0,38.0
502,502,22.0,38.0
503,503,22.0,38.0
504,504,22.0,38.0
505,505,22.0,38.0
506,506,22.0,38.0
507,507,22.0,38.0
508,508,22.0,38.0
509,509,22.0,38.0
510,510,22.0,38.0
511,511,22.0,38.0
512,512,22.0,38.0
513,513,22.0,38.0
514,514,22.0,38.0
515,515,22.0,38.0
516,516,22.0,38.0
517,517,22.0,38.0
518,518,22.0,38.0
519,519,22.0,38.0
520,520,22.0,38.0
521,521,22.0,38.0
522,522,22.0,38.0
523,523,22.0,38.0
524,524,22.0,38.0
525,525,22.0,38.0
526,526,22.0,38.0
527,527,26.0,37.0
528,528,22.0,38.0
529,529,22.0,38.0
530,530,22.0,38.0
531,531,22.0,38.0
532,532,22.0,38.0
533,533,22.0,38.0
534,534,22.0,38.0
535,535,19.0,38.0
536,536,26.0,37.0
537,537,22.0,38.0
538,538,22.0,38.0
539,539,22.0,38.0
540,540,22.0,38.0
541,541,22.0,38.0
542,542,22.0,38.0
543,543,22.0,38.0
544,544,22.0,38.0
545,545,22.0,38.0
546,546,22.0,38.0
547,547,22.0,38.0
548,548,22.0,38.0
549,549,22.0,38.0
550,550,22.0,38.0
551,551,22.0,38.0
552,552,22.0,38.0
553,553,22.0,38.0
554,554,22.0,38.0
555,555,22.0,38.0
556,556,22.0,38.0
557,557,22.0,38.0
558,558,22.0,38.0
559,559,22.0,38.0
560,560,22.0,38.0
561,561,22.0,38.0
562,562,22.0,38.0
563,563,22.0,38.0
564,564,26.0,37.0
565,565,22.0,41.0
566,566,22.0,38.0
567,567,22.0,38.0
568,568,22.0,38.0
569,569,22.0,38.0
570,570,22.0,38.0
571,571,22.0,38.0
572,572,22.0,38.0
573,573,22.0,38.0
574,574,22.0,38.0
575,575,22.0,38.0
576,576,22.0,38.0
577,577,22.0,38.0
578,578,22.0,38.0
579,579,25.0,37.0
580,580,22.0,35.0
581,581,22.0,38.0
582,582,22.0,38.0
583,583,22.0,38.0
584,584,22.0,38.0
585,585,22.0,38.0
586,586,22.0,38.0
587,587,22.0,38.0
588,588,22.0,38.0
589,589,22.0,38.0
590,590,22.0,38.0
591,591,22.0,38.0
592,592,22.0,38.0
593,593,22.0,38.0
594,594,22.0,38.0
595,595,22.0,38.0
596,596,22.0,38.0
597,597,22.0,38.0
598,598,22.0,38.0
599,599,22.0,38.0
600,600,22.0,38.0
601,601,22.0,38.0
602,602,22.0,38.0
603,603,22.0,38.0
604,604,22.0,38.0
605,605,22.0,38.0
606,606,22.0,38.0
607,607,22.0,38.0
608,608,22.0,38.0
609,609,22.0,38.0
610,610,22.0,38.0
611,611,22.0,38.0
612,612,22.0,38.0
613,613,22.0,38.0
614,614,22.0,38.0
615,615,22.0,38.0
616,616,22.0,38.0
617,617,22.0,38.0
618,618,22.0,38.0
619,619,22.0,38.0
620,620,22.0,38.0
621,621,22.0,38.0
622,622,22.0,38.0
623,623,22.0,38.0
624,624,22.0,38.0
625,625,22.0,38.0
626,626,22.0,38.0
627,627,22.0,38.0
628,628,22.0,38.0
629,629,22.0,38.0
630,630,22.0,38.0
631,631,22.0,38.0
632,632,22.0,38.0
633,633,22.0,38.0
634,634,22.0,38.0
635,635,22.0,38.0
636,636,22.0,38.0
637,637,22.0,38.0
638,638,22.0,38.0
639,639,22.0,38.0
640,640,22.0,38.0
641,641,22.0,38.0
642,642,22.0,36.0
643,643,22.0,38.0
644,644,22.0,38.0
645,645,22.0,38.0
646,646,22.0,38.0
647,647,22.0,38.0
648,648,22.0,38.0
649,649,22.0,38.0
650,650,22.0,38.0
651,651,22.0,38.0
652,652,22.0,38.0
653,653,22.0,38.0
654,654,22.0,38.0
655,655,22.0,38.0
656,656,22.0,38.0
657,657,22.0,38.0
658,658,22.0,38.0
659,659,22.0,38.0
660,660,22.0,38.0
661,661,22.0,38.0
662,662,22.0,38.0
663,663,22.0,38.0
664,664,22.0,38.0
665,665,22.0,38.0
666,666,25.0,38.0
667,667,22.0,38.0
668,668,22.0,38.0
669,669,22.0,38.0
670,670,22.0,38.0
671,671,22.0,38.0
672,672,22.0,38.0
673,673,22.0,38.0
674,674,22.0,38.0
675,675,22.0,38.0
676,676,22.0,38.0
677,677,22.0,38.0
678,678,22.0,38.0
679,679,22.0,38.0
680,680,22.0,38.0
681,681,22.0,38.0
682,682,22.0,38.0
683,683,22.0,38.0
684,684,22.0,38.0
685,685,22.0,38.0
686,686,22.0,38.0
687,687,22.0,38.0
688,688,22.0,38.0
689,689,22.0,38.0
690,690,22.0,38.0
691,691,22.0,38.0
692,692,22.0,38.0
693,693,22.0,38.0
694,694,22.0,38.0
695,695,22.0,38.0
696,696,22.0,38.0
697,697,22.0,38.0
698,698,22.0,38.0
699,699,22.0,38.0
700,700,22.0,38.0
701,701,22.0,38.0
702,702,22.0,38.0
703,703,22.0,38.0
704,704,22.0,38.0
705,705,22.0,38.0
706,706,22.0,38.0
707,707,22.0,38.0
708,708,22.0,38.0
709,709,22.0,38.0
710,710,22.0,38.0
711,711,22.0,38.0
712,712,22.0,38.0
713,713,22.0,38.0
714,714,22.0,38.0
715,715,22.0,38.0
716,716,22.0,38.0
717,717,22.0,38.0
718,718,22.0,38.0
719,719,22.0,38.0
720,720,22.0,38.0
721,721,22.0,38.0
722,722,22.0,38.0
723,723,22.0,38.0
724,724,22.0,38.0
725,725,22.0,38.0
726,726,22.0,38.0
727,727,22.0,38.0
728,728,22.0,38.0
729,729,22.0,38.0
730,730,22.0,38.0
731,731,22.0,38.0
732,732,22.0,38.0
733,733,22.0,38.0
734,734,22.0,38.0
735,735,22.0,38.0
736,736,22.0,38.0
737,737,22.0,38.0
738,738,22.0,38.0
739,739,22.0,38.0
740,740,22.0,38.0
741,741,22.0,38.0
742,742,22.0,38.0
743,743,22.0,38.0
744,744,22.0,38.0
745,745,22.0,38.0
746,746,22.0,38.0
747,747,22.0,38.0
748,748,22.0,38.0
749,749,22.0,38.0
750,750,22.0,38.0
751,751,22.0,38.0
752,752,22.0,38.0
753,753,22.0,38.0
754,754,22.0,38.0
755,755,22.0,38.0
756,756,22.0,38.0
757,757,22.0,38.0
758,758,22.0,38.0
759,759,22.0,38.0
760,760,22.0,38.0
761,761,22.0,38.0
762,762,22.0,38.0
763,763,22.0,38.0
764,764,22.0,38.0
765,765,22.0,38.0
766,766,22.0,38.0
767,767,22.0,38.0
768,768,22.0,38.0
769,769,22.0,38.0
770,770,22.0,38.0
771,771,22.0,38.0
772,772,22.0,38.0
773,773,22.0,38.0
774,774,22.0,38.0
775,775,22.0,38.0
776,776,22.0,38.0
777,777,22.0,38.0
778,778,22.0,38.0
779,779,22.0,38.0
780,780,22.0,38.0
781,781,22.0,38.0
782,782,22.0,38.0
783,783,22.0,38.0
784,784,22.0,38.0
785,785,22.0,38.0
786,786,22.0,38.0
787,787,22.0,38.0
788,788,22.0,38.0
789,789,22.0,38.0
790,790,22.0,38.0
791,791,22.0,38.0
792,792,22.0,38.0
793,793,22.0,38.0
794,794,22.0,38.0
795,795,22.0,38.0
796,796,22.0,38.0
797,797,22.0,38.0
798,798,22.0,38.0
799,799,22.0,38.0
800,800,22.0,38.0
801,801,22.0,38.0
802,802,22.0,38.0
803,803,22.0,38.0
804,804,22.0,38.0
805,805,22.0,38.0
806,806,83.0,30.0
807,807,22.0,38.0
808,808,22.0,39.0
809,809,22.0,38.0
810,810,22.0,38.0
811,811,22.0,38.0
812,812,22.0,38.0
813,813,22.0,38.0
814,814,21.0,33.0
815,815,22.0,38.0
816,816,22.0,38.0
817,817,22.0,38.0
818,818,22.0,38.0
819,819,22.0,38.0
820,820,22.0,38.0
821,821,22.0,38.0
822,822,22.0,38.0
823,823,22.0,38.0
824,824,22.0,38.0
825,825,22.0,38.0
826,826,22.0,38.0
827,827,22.0,38.0
828,828,22.0,38.0
829,829,22.0,38.0
830,830,22.0,38.0
831,831,22.0,38.0
832,832,22.0,38.0
833,833,22.0,38.0
834,834,22.0,38.0
835,835,22.0,38.0
836,836,22.0,38.0
837,837,22.0,38.0
838,838,22.0,38.0
839,839,22.0,38.0
840,840,22.0,38.0
841,841,22.0,38.0
842,842,22.0,38.0
843,843,22.0,38.0
844,844,22.0,38.0
845,845,22.0,38.0
846,846,26.0,37.0
847,847,22.0,38.0
848,848,22.0,38.0
849,849,22.0,38.0
850,850,22.0,38.0
851,851,22.0,38.0
852,852,22.0,38.0
853,853,22.0,38.0
854,854,22.0,38.0
855,855,22.0,38.0
856,856,22.0,38.0
857,857,22.0,38.0
858,858,22.0,38.0
859,859,22.0,38.0
860,860,22.0,38.0
861,861,22.0,38.0
862,862,22.0,38.0
863,863,22.0,38.0
864,864,22.0,38.0
865,865,22.0,38.0
866,866,22.0,38.0
867,867,22.0,38.0
868,868,22.0,38.0
869,869,22.0,38.0
870,870,22.0,38.0
871,871,22.0,38.0
872,872,22.0,38.0
873,873,22.0,38.0
874,874,22.0,38.0
875,875,22.0,38.0
876,876,22.0,38.0
877,877,22.0,38.0
878,878,22.0,38.0
879,879,22.0,38.0
880,880,22.0,38.0
881,881,22.0,38.0
882,882,22.0,38.0
883,883,22.0,38.0
884,884,22.0,38.0
885,885,22.0,38.0
886,886,22.0,38.0
887,887,22.0,38.0
888,888,22.0,38.0
889,889,22.0,38.0
890,890,22.0,38.0
891,891,22.0,38.0
892,892,22.0,38.0
893,893,22.0,38.0
894,894,22.0,38.0
895,895,22.0,38.0
896,896,22.0,38.0
897,897,22.0,38.0
898,898,22.0,38.0
899,899,22.0,38.0
900,900,22.0,38.0
901,901,22.0,38.0
902,902,22.0,38.0
903,903,22.0,38.0
904,904,22.0,38.0
905,905,22.0,38.0
906,906,22.0,38.0
907,907,22.0,38.0
908,908,22.0,38.0
909,909,22.0,38.0
910,910,22.0,38.0
911,911,22.0,38.0
912,912,22.0,38.0
913,913,22.0,38.0
914,914,22.0,38.0
915,915,22.0,38.0
916,916,22.0,38.0
917,917,22.0,38.0
918,918,25.0,39.0
919,919,22.0,38.0
920,920,22.0,38.0
921,921,22.0,38.0
922,922,22.0,38.0
923,923,22.0,38.0
924,924,22.0,38.0
925,925,22.0,38.0
926,926,22.0,38.0
927,927,22.0,38.0
928,928,22.0,38.0
929,929,22.0,38.0
930,930,22.0,38.0
931,931,22.0,38.0
932,932,22.0,38.0
933,933,22.0,38.0
934,934,22.0,38.0
935,935,22.0,38.0
936,936,22.0,38.0
937,937,22.0,38.0
938,938,22.0,38.0
939,939,22.0,38.0
940,940,22.0,38.0
941,941,22.0,38.0
942,942,22.0,38.0
943,943,22.0,38.0
944,944,22.0,38.0
945,945,22.0,38.0
946,946,22.0,38.0
947,947,22.0,38.0
948,948,22.0,38.0
949,949,22.0,38.0
950,950,22.0,38.0
951,951,22.0,38.0
952,952,22.0,38.0
953,953,22.0,38.0
954,954,22.0,38.0
955,955,22.0,38.0
956,956,22.0,38.0
957,957,22.0,38.0
958,958,22.0,38.0
959,959,22.0,38.0
960,960,22.0,38.0
961,961,22.0,38.0
962,962,22.0,38.0
963,963,22.0,38.0
964,964,22.0,38.0
965,965,22.0,38.0
966,966,22.0,38.0
967,967,22.0,38.0
968,968,22.0,38.0
969,969,22.0,38.0
970,970,22.0,38.0
971,971,22.0,38.0
972,972,22.0,38.0
973,973,22.0,38.0
974,974,22.0,38.0
975,975,22.0,38.0
976,976,22.0,38.0
977,977,22.0,38.0
978,978,22.0,38.0
979,979,22.0,38.0
980,980,22.0,38.0
981,981,22.0,38.0
982,982,22.0,38.0
983,983,22.0,38.0
984,984,22.0,38.0
985,985,22.0,38.0
986,986,22.0,38.0
987,987,22.0,38.0
988,988,22.0,38.0
989,989,22.0,38.0
990,990,22.0,38.0
991,991,22.0,38.0
992,992,22.0,38.0
993,993,22.0,38.0
994,994,22.0,38.0
995,995,22.0,38.0
996,996,22.0,38.0
997,997,22.0,38.0
998,998,22.0,38.0
999,999,22.0,38.0
1000,1000,22.0,38.0
1001,1001,22.0,38.0
1002,1002,22.0,38.0
1003,1003,22.0,38.0
1004,1004,22.0,38.0
1005,1005,25.0,39.0
1006,1006,22.0,38.0
1007,1007,26.0,37.0
1008,1008,22.0,38.0
1009,1009,22.0,38.0
1010,1010,22.0,38.0
1011,1011,22.0,38.0
1012,1012,22.0,38.0
1013,1013,22.0,38.0
1014,1014,22.0,38.0
1015,1015,22.0,38.0
1016,1016,22.0,38.0
1017,1017,22.0,38.0
1018,1018,22.0,38.0
1019,1019,22.0,38.0
1020,1020,22.0,38.0
1021,1021,22.0,38.0
1022,1022,22.0,38.0
1023,1023,22.0,38.0
1024,1024,22.0,38.0
1025,1025,22.0,38.0
1026,1026,22.0,38.0
1027,1027,22.0,38.0
1028,1028,22.0,38.0
1029,1029,22.0,38.0
1030,1030,22.0,38.0
1031,1031,22.0,38.0
1032,1032,22.0,38.0
1033,1033,22.0,38.0
1034,1034,22.0,38.0
1035,1035,22.0,38.0
1036,1036,22.0,38.0
1037,1037,22.0,38.0
1038,1038,22.0,38.0
1039,1039,22.0,38.0
1040,1040,22.0,38.0
1041,1041,22.0,38.0
1042,1042,22.0,38.0
1043,1043,22.0,38.0
1044,1044,22.0,38.0
1045,1045,22.0,38.0
1046,1046,22.0,38.0
1047,1047,22.0,38.0
1048,1048,22.0,38.0
1049,1049,22.0,38.0
1050,1050,22.0,38.0
1051,1051,22.0,38.0
1052,1052,22.0,38.0
1053,1053,22.0,38.0
1054,1054,22.0,38.0
1055,1055,22.0,38.0
1056,1056,22.0,38.0
1057,1057,22.0,38.0
1058,1058,22.0,38.0
1059,1059,22.0,38.0
1060,1060,22.0,38.0
1061,1061,19.0,39.0
1062,1062,22.0,38.0
1063,1063,22.0,38.0
1064,1064,22.0,38.0
1065,1065,22.0,38.0
1066,1066,22.0,38.0
1067,1067,22.0,38.0
1068,1068,22.0,38.0
1069,1069,22.0,38.0
1070,1070,22.0,38.0
1071,1071,22.0,38.0
1072,1072,22.0,38.0
1073,1073,22.0,38.0
1074,1074,26.0,37.0
1075,1075,22.0,38.0
1076,1076,22.0,38.0
1077,1077,21.0,33.0
1078,1078,22.0,38.0
1079,1079,22.0,38.0
1080,1080,22.0,38.0
1081,1081,22.0,38.0
1082,1082,22.0,38.0
1083,1083,22.0,38.0
1084,1084,22.0,38.0
1085,1085,22.0,38.0
1086,1086,22.0,38.0
1087,1087,22.0,38.0
1088,1088,22.0,38.0
1089,1089,22.0,38.0
1090,1090,22.0,38.0
1091,1091,22.0,38.0
1092,1092,22.0,38.0
1093,1093,22.0,38.0
1094,1094,22.0,38.0
1095,1095,22.0,38.0
1096,1096,22.0,38.0
1097,1097,22.0,38.0
1098,1098,22.0,38.0
1099,1099,22.0,38.0
1100,1100,22.0,38.0
1101,1101,22.0,38.0
1102,1102,22.0,38.0
1103,1103,22.0,38.0
1104,1104,22.0,38.0
1105,1105,22.0,38.0
1106,1106,22.0,38.0
1107,1107,22.0,38.0
1108,1108,22.0,38.0
1109,1109,22.0,38.0
1110,1110,22.0,38.0
1111,1111,22.0,38.0
1112,1112,22.0,38.0
1113,1113,22.0,38.0
1114,1114,22.0,38.0
1115,1115,22.0,38.0
1116,1116,22.0,38.0
1117,1117,22.0,38.0
1118,1118,22.0,38.0
1119,1119,22.0,38.0
1120,1120,22.0,38.0
1121,1121,22.0,38.0
1122,1122,22.0,38.0
1123,1123,22.0,38.0
1124,1124,22.0,38.0
1125,1125,22.0,42.0
1126,1126,22.0,38.0
1127,1127,22.0,38.0
1128,1128,22.0,38.0
1129,1129,22.0,38.0
1130,1130,22.0,38.0
1131,1131,22.0,38.0
1132,1132,22.0,38.0
1133,1133,22.0,38.0
1134,1134,22.0,38.0
1135,1135,22.0,38.0
1136,1136,22.0,38.0
1137,1137,22.0,38.0
1138,1138,22.0,38.0
1139,1139,22.0,38.0
1140,1140,22.0,38.0
1141,1141,22.0,38.0
1142,1142,22.0,38.0
1143,1143,22.0,38.0
1144,1144,22.0,38.0
1145,1145,22.0,38.0
1146,1146,22.0,38.0
1147,1147,22.0,38.0
1148,1148,22.0,38.0
1149,1149,22.0,38.0
1150,1150,22.0,38.0
1151,1151,22.0,38.0
1152,1152,22.0,38.0
1153,1153,22.0,38.0
1154,1154,22.0,38.0
1155,1155,22.0,38.0
1156,1156,22.0,38.0
1157,1157,22.0,38.0
1158,1158,22.0,38.0
1159,1159,22.0,38.0
1160,1160,22.0,38.0
1161,1161,22.0,38.0
1162,1162,22.0,38.0
1163,1163,22.0,38.0
1164,1164,22.0,38.0
1165,1165,26.0,38.0
1166,1166,22.0,38.0
1167,1167,22.0,38.0
1168,1168,22.0,38.0
1169,1169,22.0,38.0
1170,1170,22.0,38.0
1171,1171,22.0,38.0
1172,1172,22.0,38.0
1173,1173,22.0,38.0
1174,1174,22.0,38.0
1175,1175,22.0,38.0
1176,1176,22.0,38.0
1177,1177,22.0,38.0
1178,1178,22.0,38.0
1179,1179,22.0,38.0
1180,1180,22.0,38.0
1181,1181,22.0,38.0
1182,1182,22.0,38.0
1183,1183,22.0,38.0
1184,1184,22.0,38.0
1185,1185,22.0,38.0
1186,1186,22.0,38.0
1187,1187,22.0,38.0
1188,1188,22.0,38.0
1189,1189,22.0,38.0
1190,1190,22.0,38.0
1191,1191,21.0,38.0
1192,1192,22.0,38.0
1193,1193,22.0,38.0
1194,1194,22.0,38.0
1195,1195,22.0,38.0
1196,1196,22.0,38.0
1197,1197,26.0,37.0
1198,1198,22.0,38.0
1199,1199,22.0,38.0
1200,1200,22.0,38.0
1201,1201,22.0,38.0
1202,1202,22.0,39.0
1203,1203,22.0,38.0
1204,1204,22.0,38.0
1205,1205,22.0,38.0
1206,1206,22.0,38.0
1207,1207,22.0,38.0
1208,1208,22.0,38.0
1209,1209,22.0,38.0
1210,1210,22.0,38.0
1211,1211,22.0,38.0
1212,1212,22.0,38.0
1213,1213,22.0,38.0
1214,1214,22.0,38.0
1215,1215,22.0,38.0
1216,1216,22.0,38.0
1217,1217,22.0,38.0
1218,1218,22.0,38.0
1219,1219,22.0,38.0
1220,1220,22.0,38.0
1221,1221,22.0,38.0
1222,1222,22.0,38.0
1223,1223,22.0,38.0
1224,1224,22.0,38.0
1225,1225,22.0,38.0
1226,1226,22.0,38.0
1227,1227,22.0,38.0
1228,1228,22.0,38.0
1229,1229,22.0,38.0
1230,1230,22.0,38.0
1231,1231,22.0,38.0
1232,1232,22.0,38.0
1233,1233,22.0,38.0
1234,1234,22.0,38.0
1235,1235,22.0,38.0
1236,1236,22.0,38.0
1237,1237,22.0,38.0
1238,1238,26.0,37.0
1239,1239,22.0,38.0
1240,1240,22.0,38.0
1241,1241,22.0,38.0
1242,1242,22.0,38.0
1243,1243,22.0,38.0
1244,1244,22.0,38.0
1245,1245,22.0,38.0
1246,1246,22.0,38.0
1247,1247,22.0,38.0
1248,1248,22.0,38.0
1249,1249,22.0,38.0
1250,1250,22.0,38.0
1251,1251,22.0,38.0
1252,1252,22.0,38.0
1253,1253,22.0,38.0
1254,1254,22.0,38.0
1255,1255,22.0,38.0
1256,1256,22.0,38.0
1257,1257,22.0,38.0
1258,1258,22.0,38.0
1259,1259,22.0,38.0
1260,1260,22.0,38.0
1261,1261,22.0,38.0
1262,1262,22.0,38.0
1263,1263,22.0,39.0
1264,1264,22.0,38.0
1265,1265,22.0,38.0
1266,1266,22.0,38.0
1267,1267,22.0,38.0
1268,1268,22.0,38.0
1269,1269,22.0,38.0
1270,1270,22.0,38.0
1271,1271,22.0,38.0
1272,1272,22.0,38.0
1273,1273,22.0,38.0
1274,1274,22.0,38.0
1275,1275,22.0,38.0
1276,1276,22.0,38.0
1277,1277,22.0,38.0
1278,1278,22.0,38.0
1279,1279,22.0,38.0
1280,1280,22.0,38.0
1281,1281,22.0,38.0
1282,1282,22.0,38.0
1283,1283,22.0,38.0
1284,1284,22.0,38.0
1285,1285,22.0,38.0
1286,1286,22.0,38.0
1287,1287,22.0,38.0
1288,1288,22.0,38.0
1289,1289,22.0,38.0
1290,1290,22.0,38.0
1291,1291,22.0,38.0
1292,1292,22.0,38.0
1293,1293,22.0,38.0
1294,1294,22.0,38.0
1295,1295,22.0,38.0
1296,1296,22.0,38.0
1297,1297,22.0,38.0
1298,1298,22.0,38.0
1299,1299,22.0,38.0
1300,1300,17.0,39.0
1301,1301,22.0,38.0
1302,1302,22.0,38.0
1303,1303,27.0,34.0
1304,1304,22.0,38.0
1305,1305,22.0,38.0
1306,1306,22.0,38.0
1307,1307,22.0,38.0
1308,1308,22.0,38.0
1309,1309,22.0,38.0
1310,1310,22.0,38.0
1311,1311,22.0,38.0
1312,1312,22.0,38.0
1313,1313,22.0,38.0
1314,1314,22.0,38.0
1315,1315,22.0,38.0
1316,1316,22.0,38.0
1317,1317,22.0,38.0
1318,1318,22.0,38.0
1319,1319,22.0,38.0
1320,1320,22.0,38.0
1321,1321,22.0,38.0
1322,1322,22.0,38.0
1323,1323,22.0,38.0
1324,1324,22.0,38.0
1325,1325,22.0,38.0
1326,1326,22.0,38.0
1327,1327,22.0,38.0
1328,1328,22.0,38.0
1329,1329,22.0,38.0
1330,1330,22.0,38.0
1331,1331,22.0,38.0
1332,1332,22.0,38.0
1333,1333,22.0,38.0
1334,1334,22.0,38.0
1335,1335,22.0,38.0
1336,1336,22.0,38.0
1337,1337,22.0,38.0
1338,1338,22.0,38.0
1339,1339,22.0,38.0
1340,1340,22.0,38.0
1341,1341,22.0,38.0
1342,1342,22.0,38.0
1343,1343,22.0,38.0
1344,1344,22.0,38.0
1345,1345,22.0,38.0
1346,1346,22.0,38.0
1347,1347,22.0,38.0
1348,1348,22.0,38.0
1349,1349,22.0,38.0
1350,1350,22.0,38.0
1351,1351,22.0,38.0
1352,1352,22.0,38.0
1353,1353,22.0,38.0
1354,1354,22.0,38.0
1355,1355,22.0,38.0
1356,1356,22.0,38.0
1357,1357,22.0,38.0
1358,1358,22.0,38.0
1359,1359,22.0,38.0
1360,1360,22.0,38.0
1361,1361,22.0,38.0
1362,1362,22.0,38.0
1363,1363,22.0,38.0
1364,1364,22.0,38.0
1365,1365,22.0,38.0
1366,1366,22.0,38.0
1367,1367,23.0,37.0
1368,1368,22.0,38.0
1369,1369,22.0,38.0
1370,1370,26.0,37.0
1371,1371,22.0,38.0
1372,1372,22.0,38.0
1373,1373,22.0,38.0
1374,1374,22.0,38.0
1375,1375,22.0,38.0
1376,1376,22.0,38.0
1377,1377,22.0,38.0
1378,1378,22.0,38.0
1379,1379,22.0,38.0
1380,1380,22.0,38.0
1381,1381,22.0,38.0
1382,1382,22.0,38.0
1383,1383,22.0,38.0
1384,1384,22.0,38.0
1385,1385,22.0,38.0
1386,1386,22.0,38.0
1387,1387,22.0,38.0
1388,1388,22.0,38.0
1389,1389,22.0,38.0
1390,1390,20.0,38.0
1391,1391,22.0,38.0
1392,1392,22.0,38.0
1393,1393,22.0,38.0
1394,1394,22.0,38.0
1395,1395,22.0,38.0
1396,1396,22.0,38.0
1397,1397,22.0,38.0
1398,1398,22.0,38.0
1399,1399,22.0,38.0
1400,1400,22.0,38.0
1401,1401,22.0,38.0
1402,1402,22.0,38.0
1403,1403,22.0,38.0
1404,1404,22.0,38.0
1405,1405,22.0,38.0
1406,1406,22.0,38.0
1407,1407,22.0,38.0
1408,1408,22.0,38.0
1409,1409,22.0,38.0
1410,1410,22.0,38.0
1411,1411,22.0,38.0
1412,1412,22.0,38.0
1413,1413,22.0,38.0
1414,1414,22.0,38.0
1415,1415,22.0,38.0
1416,1416,22.0,38.0
1417,1417,22.0,38.0
1418,1418,22.0,38.0
1419,1419,22.0,38.0
1420,1420,22.0,38.0
1421,1421,22.0,38.0
1422,1422,22.0,38.0
1423,1423,22.0,38.0
1424,1424,22.0,38.0
1425,1425,22.0,38.0
1426,1426,22.0,38.0
1427,1427,22.0,38.0
1428,1428,22.0,38.0
1429,1429,22.0,38.0
1430,1430,22.0,38.0
1431,1431,22.0,38.0
1432,1432,22.0,38.0
1433,1433,22.0,38.0
1434,1434,22.0,38.0
1435,1435,22.0,38.0
1436,1436,22.0,38.0
1437,1437,22.0,38.0
1438,1438,22.0,38.0
1439,1439,22.0,38.0
1440,1440,22.0,38.0
1441,1441,22.0,38.0
1442,1442,22.0,38.0
1443,1443,22.0,38.0
1444,1444,22.0,38.0
1445,1445,22.0,38.0
1446,1446,22.0,38.0
1447,1447,22.0,38.0
1448,1448,22.0,38.0
1449,1449,22.0,38.0
1450,1450,22.0,38.0
1451,1451,22.0,38.0
1452,1452,22.0,38.0
1453,1453,22.0,38.0
1454,1454,22.0,38.0
1455,1455,22.0,38.0
1456,1456,22.0,38.0
1457,1457,22.0,38.0
1458,1458,22.0,38.0
1459,1459,22.0,38.0
1460,1460,22.0,38.0
1461,1461,22.0,38.0
1462,1462,22.0,38.0
1463,1463,22.0,38.0
1464,1464,22.0,38.0
1465,1465,22.0,38.0
1466,1466,22.0,38.0
1467,1467,26.0,37.0
1468,1468,22.0,38.0
1469,1469,22.0,38.0
1470,1470,22.0,38.0
1471,1471,22.0,38.0
1472,1472,22.0,38.0
1473,1473,22.0,38.0
1474,1474,22.0,38.0
1475,1475,22.0,38.0
1476,1476,22.0,38.0
1477,1477,22.0,38.0
1478,1478,22.0,38.0
1479,1479,22.0,38.0
1480,1480,22.0,38.0
1481,1481,22.0,38.0
1482,1482,22.0,38.0
1483,1483,22.0,38.0
1484,1484,22.0,38.0
1485,1485,22.0,38.0
1486,1486,22.0,38.0
1487,1487,22.0,38.0
1488,1488,22.0,38.0
1489,1489,22.0,38.0
1490,1490,22.0,38.0
1491,1491,22.0,38.0
1492,1492,22.0,38.0
1493,1493,22.0,38.0
1494,1494,22.0,38.0
1495,1495,22.0,38.0
1496,1496,22.0,38.0
1497,1497,22.0,38.0
1498,1498,22.0,38.0
1499,1499,22.0,38.0
1500,1500,22.0,38.0
1501,1501,22.0,38.0
1502,1502,22.0,38.0
1503,1503,22.0,38.0
1504,1504,22.0,38.0
1505,1505,22.0,38.0
1506,1506,22.0,38.0
1507,1507,22.0,38.0
1508,1508,22.0,38.0
1509,1509,22.0,38.0
1510,1510,22.0,38.0
1511,1511,22.0,38.0
1512,1512,22.0,38.0
1513,1513,22.0,38.0
1514,1514,22.0,38.0
1515,1515,22.0,38.0
1516,1516,22.0,38.0
1517,1517,22.0,38.0
1518,1518,22.0,38.0
1519,1519,22.0,38.0
1520,1520,22.0,38.0
1521,1521,22.0,38.0
1522,1522,22.0,38.0
1523,1523,22.0,38.0
1524,1524,22.0,38.0
1525,1525,22.0,38.0
1526,1526,22.0,38.0
1527,1527,22.0,38.0
1528,1528,22.0,38.0
1529,1529,22.0,38.0
1530,1530,22.0,38.0
1531,1531,22.0,38.0
1532,1532,25.0,39.0
1533,1533,22.0,38.0
1534,1534,22.0,38.0
1535,1535,22.0,38.0
1536,1536,22.0,38.0
1537,1537,22.0,38.0
1538,1538,22.0,38.0
1539,1539,22.0,38.0
1540,1540,22.0,38.0
1541,1541,22.0,38.0
1542,1542,22.0,37.0
1543,1543,22.0,38.0
1544,1544,22.0,38.0
1545,1545,22.0,38.0
1546,1546,22.0,38.0
1547,1547,22.0,38.0
1548,1548,22.0,38.0
1549,1549,22.0,38.0
1550,1550,22.0,38.0
1551,1551,22.0,38.0
1552,1552,22.0,38.0
1553,1553,22.0,38.0
1554,1554,22.0,38.0
1555,1555,25.0,40.0
1556,1556,22.0,38.0
1557,1557,22.0,38.0
1558,1558,22.0,38.0
1559,1559,22.0,38.0
1560,1560,22.0,38.0
1561,1561,22.0,38.0
1562,1562,22.0,37.0
1563,1563,22.0,38.0
1564,1564,22.0,38.0
1565,1565,22.0,38.0
1566,1566,22.0,38.0
1567,1567,22.0,38.0
1568,1568,22.0,38.0
1569,1569,22.0,38.0
1570,1570,22.0,38.0
1571,1571,22.0,38.0
1572,1572,22.0,38.0
1573,1573,22.0,38.0
1574,1574,22.0,38.0
1575,1575,22.0,38.0
1576,1576,22.0,38.0
1577,1577,22.0,38.0
1578,1578,22.0,38.0
1579,1579,22.0,38.0
1580,1580,22.0,38.0
1581,1581,22.0,38.0
1582,1582,22.0,38.0
1583,1583,22.0,38.0
1584,1584,22.0,38.0
1585,1585,22.0,38.0
1586,1586,22.0,38.0
1587,1587,22.0,38.0
1588,1588,22.0,38.0
1589,1589,25.0,39.0
1590,1590,22.0,38.0
1591,1591,22.0,38.0
1592,1592,22.0,38.0
1593,1593,22.0,38.0
1594,1594,22.0,38.0
1595,1595,22.0,38.0
1596,1596,22.0,38.0
1597,1597,22.0,38.0
1598,1598,22.0,38.0
1599,1599,22.0,38.0
1600,1600,22.0,38.0
1601,1601,22.0,38.0
1602,1602,22.0,38.0
1603,1603,22.0,38.0
1604,1604,21.0,39.0
1605,1605,22.0,38.0
1606,1606,22.0,38.0
1607,1607,19.0,38.0
1608,1608,22.0,38.0
1609,1609,22.0,38.0
1610,1610,22.0,38.0
1611,1611,24.0,37.0
1612,1612,22.0,38.0
1613,1613,25.0,37.0
1614,1614,22.0,38.0
1615,1615,22.0,38.0
1616,1616,22.0,38.0
1617,1617,22.0,38.0
1618,1618,22.0,38.0
1619,1619,22.0,38.0
1620,1620,22.0,38.0
1621,1621,22.0,38.0
1622,1622,22.0,38.0
1623,1623,22.0,38.0
1624,1624,22.0,38.0
1625,1625,22.0,38.0
1626,1626,22.0,38.0
1627,1627,22.0,38.0
1628,1628,22.0,38.0
1629,1629,22.0,38.0
1630,1630,22.0,38.0
1631,1631,22.0,38.0
1632,1632,22.0,38.0
1633,1633,22.0,38.0
1634,1634,22.0,38.0
1635,1635,21.0,33.0
1636,1636,22.0,38.0
1637,1637,22.0,38.0
1638,1638,22.0,38.0
1639,1639,22.0,38.0
1640,1640,22.0,38.0
1641,1641,22.0,38.0
1642,1642,22.0,38.0
1643,1643,22.0,38.0
1644,1644,22.0,38.0
1645,1645,22.0,38.0
1646,1646,22.0,38.0
1647,1647,22.0,38.0
1648,1648,22.0,38.0
1649,1649,22.0,38.0
1650,1650,22.0,38.0
1651,1651,22.0,38.0
1652,1652,22.0,38.0
1653,1653,22.0,38.0
1654,1654,22.0,38.0
1655,1655,22.0,38.0
1656,1656,22.0,38.0
1657,1657,22.0,38.0
1658,1658,22.0,38.0
1659,1659,22.0,38.0
1660,1660,22.0,38.0
1661,1661,22.0,38.0
1662,1662,22.0,38.0
1663,1663,22.0,38.0
1664,1664,22.0,38.0
1665,1665,22.0,38.0
1666,1666,22.0,38.0
1667,1667,22.0,38.0
1668,1668,25.0,35.0
1669,1669,22.0,38.0
1670,1670,22.0,38.0
1671,1671,22.0,38.0
1672,1672,22.0,38.0
1673,1673,22.0,38.0
1674,1674,22.0,38.0
1675,1675,22.0,38.0
1676,1676,22.0,38.0
1677,1677,22.0,38.0
1678,1678,22.0,38.0
1679,1679,22.0,38.0
1680,1680,22.0,38.0
1681,1681,22.0,38.0
1682,1682,22.0,38.0
1683,1683,22.0,38.0
1684,1684,22.0,38.0
1685,1685,26.0,37.0
1686,1686,22.0,38.0
1687,1687,22.0,38.0
1688,1688,22.0,38.0
1689,1689,22.0,38.0
1690,1690,22.0,38.0
1691,1691,22.0,38.0
1692,1692,22.0,38.0
1693,1693,22.0,38.0
1694,1694,22.0,38.0
1695,1695,22.0,38.0
1696,1696,22.0,38.0
1697,1697,22.0,38.0
1698,1698,22.0,38.0
1699,1699,22.0,38.0
1700,1700,22.0,38.0
1701,1701,22.0,38.0
1702,1702,22.0,38.0
1703,1703,22.0,38.0
1704,1704,22.0,38.0
1705,1705,22.0,38.0
1706,1706,22.0,38.0
1707,1707,22.0,38.0
1708,1708,22.0,38.0
1709,1709,22.0,38.0
1710,1710,22.0,38.0
1711,1711,22.0,38.0
1712,1712,22.0,38.0
1713,1713,22.0,38.0
1714,1714,22.0,38.0
1715,1715,22.0,38.0
1716,1716,22.0,38.0
1717,1717,22.0,38.0
1718,1718,22.0,38.0
1719,1719,22.0,38.0
1720,1720,22.0,38.0
1721,1721,22.0,38.0
1722,1722,22.0,38.0
1723,1723,26.0,37.0
1724,1724,22.0,38.0
1725,1725,22.0,38.0
1726,1726,26.0,37.0
1727,1727,22.0,38.0
1728,1728,22.0,38.0
1729,1729,22.0,38.0
1730,1730,22.0,38.0
1731,1731,22.0,38.0
1732,1732,22.0,38.0
1733,1733,22.0,38.0
1734,1734,23.0,38.0
1735,1735,22.0,38.0
1736,1736,22.0,38.0
1737,1737,22.0,38.0
1738,1738,22.0,38.0
1739,1739,22.0,38.0
1740,1740,22.0,38.0
1741,1741,22.0,38.0
1742,1742,22.0,38.0
1743,1743,22.0,38.0
1744,1744,22.0,38.0
1745,1745,22.0,38.0
1746,1746,22.0,38.0
1747,1747,22.0,38.0
1748,1748,22.0,38.0
1749,1749,22.0,38.0
1750,1750,22.0,38.0
1751,1751,22.0,38.0
1752,1752,22.0,38.0
1753,1753,22.0,38.0
1754,1754,22.0,38.0
1755,1755,22.0,38.0
1756,1756,22.0,38.0
1757,1757,22.0,38.0
1758,1758,22.0,38.0
1759,1759,22.0,38.0
1760,1760,22.0,38.0
1761,1761,22.0,38.0
1762,1762,22.0,38.0
1763,1763,22.0,38.0
1764,1764,22.0,38.0
1765,1765,22.0,38.0
1766,1766,22.0,38.0
1767,1767,22.0,38.0
1768,1768,22.0,38.0
1769,1769,22.0,38.0
1770,1770,22.0,38.0
1771,1771,22.0,38.0
1772,1772,22.0,38.0
1773,1773,22.0,38.0
1774,1774,22.0,38.0
1775,1775,22.0,38.0
1776,1776,22.0,38.0
1777,1777,22.0,38.0
1778,1778,22.0,38.0
1779,1779,22.0,38.0
1780,1780,22.0,38.0
1781,1781,22.0,38.0
1782,1782,22.0,38.0
