,imageID,right_eye_inner_corner_x,right_eye_inner_corner_y
0,0,36.0,41.0
1,1,37.0,38.0
2,2,37.0,38.0
3,3,37.0,38.0
4,4,36.0,36.0
5,5,37.0,38.0
6,6,38.0,37.0
7,7,38.0,38.0
8,8,37.0,38.0
9,9,37.0,38.0
10,10,36.0,37.0
11,11,37.0,38.0
12,12,36.0,37.0
13,13,32.0,36.0
14,14,37.0,37.0
15,15,38.0,38.0
16,16,37.0,38.0
17,17,37.0,38.0
18,18,35.0,37.0
19,19,37.0,38.0
20,20,37.0,38.0
21,21,37.0,37.0
22,22,36.0,37.0
23,23,37.0,37.0
24,24,37.0,38.0
25,25,37.0,37.0
26,26,38.0,38.0
27,27,36.0,37.0
28,28,37.0,38.0
29,29,37.0,37.0
30,30,37.0,34.0
31,31,37.0,38.0
32,32,36.0,36.0
33,33,37.0,37.0
34,34,38.0,38.0
35,35,37.0,38.0
36,36,37.0,38.0
37,37,38.0,38.0
38,38,37.0,38.0
39,39,36.0,36.0
40,40,37.0,38.0
41,41,37.0,37.0
42,42,32.0,36.0
43,43,37.0,38.0
44,44,37.0,38.0
45,45,37.0,38.0
46,46,35.0,37.0
47,47,37.0,39.0
48,48,37.0,37.0
49,49,37.0,40.0
50,50,37.0,38.0
51,51,37.0,37.0
52,52,40.0,39.0
53,53,37.0,38.0
54,54,35.0,36.0
55,55,37.0,37.0
56,56,37.0,38.0
57,57,37.0,38.0
58,58,38.0,38.0
59,59,37.0,38.0
60,60,37.0,38.0
61,61,37.0,38.0
62,62,35.0,36.0
63,63,37.0,38.0
64,64,38.0,38.0
65,65,36.0,37.0
66,66,36.0,37.0
67,67,36.0,36.0
68,68,37.0,38.0
69,69,36.0,36.0
70,70,37.0,38.0
71,71,37.0,38.0
72,72,39.0,36.0
73,73,37.0,38.0
74,74,37.0,38.0
75,75,38.0,39.0
76,76,37.0,37.0
77,77,37.0,37.0
78,78,37.0,38.0
79,79,37.0,38.0
80,80,37.0,38.0
81,81,37.0,38.0
82,82,37.0,38.0
83,83,37.0,37.0
84,84,37.0,37.0
85,85,37.0,37.0
86,86,37.0,38.0
87,87,37.0,38.0
88,88,37.0,38.0
89,89,36.0,36.0
90,90,37.0,38.0
91,91,53.0,57.0
92,92,35.0,37.0
93,93,37.0,38.0
94,94,35.0,37.0
95,95,37.0,38.0
96,96,37.0,38.0
97,97,37.0,38.0
98,98,37.0,36.0
99,99,37.0,38.0
100,100,37.0,38.0
101,101,37.0,37.0
102,102,38.0,37.0
103,103,37.0,37.0
104,104,38.0,37.0
105,105,36.0,37.0
106,106,37.0,38.0
107,107,36.0,38.0
108,108,36.0,38.0
109,109,33.0,39.0
110,110,37.0,38.0
111,111,40.0,38.0
112,112,38.0,37.0
113,113,37.0,38.0
114,114,37.0,38.0
115,115,37.0,37.0
116,116,38.0,30.0
117,117,37.0,38.0
118,118,37.0,38.0
119,119,37.0,38.0
120,120,38.0,38.0
121,121,37.0,38.0
122,122,37.0,38.0
123,123,37.0,37.0
124,124,36.0,37.0
125,125,37.0,37.0
126,126,37.0,38.0
127,127,37.0,38.0
128,128,37.0,38.0
129,129,36.0,36.0
130,130,37.0,38.0
131,131,37.0,38.0
132,132,37.0,38.0
133,133,36.0,38.0
134,134,37.0,37.0
135,135,37.0,37.0
136,136,36.0,36.0
137,137,37.0,37.0
138,138,78.0,30.0
139,139,37.0,37.0
140,140,37.0,38.0
141,141,37.0,38.0
142,142,37.0,38.0
143,143,37.0,38.0
144,144,37.0,38.0
145,145,37.0,38.0
146,146,37.0,38.0
147,147,38.0,38.0
148,148,35.0,37.0
149,149,36.0,37.0
150,150,37.0,38.0
151,151,37.0,38.0
152,152,37.0,37.0
153,153,35.0,37.0
154,154,35.0,36.0
155,155,37.0,38.0
156,156,37.0,38.0
157,157,37.0,37.0
158,158,37.0,38.0
159,159,39.0,39.0
160,160,36.0,37.0
161,161,37.0,38.0
162,162,37.0,38.0
163,163,38.0,38.0
164,164,37.0,38.0
165,165,34.0,39.0
166,166,35.0,37.0
167,167,37.0,38.0
168,168,37.0,38.0
169,169,37.0,38.0
170,170,37.0,38.0
171,171,37.0,38.0
172,172,38.0,38.0
173,173,37.0,37.0
174,174,38.0,38.0
175,175,37.0,38.0
176,176,37.0,38.0
177,177,37.0,38.0
178,178,37.0,38.0
179,179,38.0,41.0
180,180,37.0,38.0
181,181,37.0,38.0
182,182,33.0,39.0
183,183,36.0,40.0
184,184,36.0,38.0
185,185,37.0,37.0
186,186,38.0,37.0
187,187,37.0,37.0
188,188,38.0,38.0
189,189,37.0,38.0
190,190,37.0,38.0
191,191,36.0,37.0
192,192,37.0,38.0
193,193,37.0,38.0
194,194,37.0,38.0
195,195,37.0,38.0
196,196,37.0,38.0
197,197,37.0,38.0
198,198,37.0,38.0
199,199,37.0,38.0
200,200,37.0,38.0
201,201,37.0,38.0
202,202,38.0,36.0
203,203,38.0,37.0
204,204,32.0,41.0
205,205,37.0,38.0
206,206,6.0,63.0
207,207,37.0,38.0
208,208,37.0,38.0
209,209,36.0,40.0
210,210,37.0,38.0
211,211,37.0,38.0
212,212,37.0,38.0
213,213,35.0,37.0
214,214,37.0,37.0
215,215,37.0,38.0
216,216,38.0,38.0
217,217,37.0,38.0
218,218,37.0,38.0
219,219,37.0,37.0
220,220,37.0,38.0
221,221,37.0,38.0
222,222,37.0,38.0
223,223,37.0,37.0
224,224,37.0,38.0
225,225,35.0,36.0
226,226,37.0,41.0
227,227,37.0,38.0
228,228,37.0,38.0
229,229,37.0,38.0
230,230,37.0,38.0
231,231,37.0,38.0
232,232,36.0,37.0
233,233,37.0,38.0
234,234,37.0,38.0
235,235,37.0,38.0
236,236,38.0,38.0
237,237,64.0,48.0
238,238,37.0,38.0
239,239,37.0,38.0
240,240,35.0,36.0
241,241,37.0,38.0
242,242,38.0,37.0
243,243,38.0,37.0
244,244,37.0,38.0
245,245,37.0,38.0
246,246,37.0,37.0
247,247,37.0,38.0
248,248,38.0,38.0
249,249,37.0,38.0
250,250,37.0,38.0
251,251,37.0,38.0
252,252,37.0,38.0
253,253,37.0,38.0
254,254,37.0,38.0
255,255,38.0,37.0
256,256,37.0,38.0
257,257,37.0,37.0
258,258,37.0,38.0
259,259,37.0,38.0
260,260,37.0,38.0
261,261,37.0,38.0
262,262,33.0,38.0
263,263,38.0,38.0
264,264,37.0,38.0
265,265,89.0,44.0
266,266,37.0,38.0
267,267,37.0,37.0
268,268,33.0,39.0
269,269,37.0,38.0
270,270,37.0,37.0
271,271,37.0,38.0
272,272,37.0,38.0
273,273,37.0,38.0
274,274,37.0,41.0
275,275,35.0,34.0
276,276,35.0,37.0
277,277,37.0,38.0
278,278,37.0,38.0
279,279,37.0,37.0
280,280,37.0,38.0
281,281,37.0,38.0
282,282,37.0,38.0
283,283,37.0,38.0
284,284,37.0,38.0
285,285,37.0,38.0
286,286,37.0,38.0
287,287,35.0,37.0
288,288,37.0,38.0
289,289,37.0,38.0
290,290,37.0,38.0
291,291,38.0,39.0
292,292,33.0,41.0
293,293,35.0,37.0
294,294,36.0,36.0
295,295,36.0,37.0
296,296,37.0,38.0
297,297,38.0,33.0
298,298,37.0,37.0
299,299,37.0,38.0
300,300,36.0,37.0
301,301,38.0,40.0
302,302,34.0,37.0
303,303,35.0,38.0
304,304,37.0,38.0
305,305,36.0,38.0
306,306,37.0,38.0
307,307,37.0,38.0
308,308,37.0,38.0
309,309,32.0,36.0
310,310,37.0,38.0
311,311,37.0,38.0
312,312,37.0,38.0
313,313,37.0,38.0
314,314,37.0,38.0
315,315,38.0,37.0
316,316,37.0,38.0
317,317,37.0,38.0
318,318,37.0,38.0
319,319,36.0,36.0
320,320,38.0,39.0
321,321,37.0,38.0
322,322,37.0,37.0
323,323,38.0,40.0
324,324,40.0,41.0
325,325,37.0,38.0
326,326,38.0,37.0
327,327,37.0,37.0
328,328,38.0,40.0
329,329,37.0,38.0
330,330,37.0,38.0
331,331,37.0,39.0
332,332,37.0,38.0
333,333,37.0,38.0
334,334,35.0,37.0
335,335,37.0,38.0
336,336,37.0,38.0
337,337,37.0,38.0
338,338,37.0,38.0
339,339,37.0,38.0
340,340,37.0,38.0
341,341,37.0,37.0
342,342,37.0,36.0
343,343,37.0,38.0
344,344,36.0,36.0
345,345,37.0,38.0
346,346,38.0,39.0
347,347,35.0,37.0
348,348,35.0,36.0
349,349,37.0,38.0
350,350,37.0,38.0
351,351,35.0,37.0
352,352,37.0,38.0
353,353,37.0,37.0
354,354,38.0,38.0
355,355,37.0,38.0
356,356,36.0,38.0
357,357,37.0,37.0
358,358,37.0,37.0
359,359,32.0,23.0
360,360,37.0,38.0
361,361,37.0,38.0
362,362,37.0,38.0
363,363,37.0,37.0
364,364,37.0,38.0
365,365,37.0,37.0
366,366,38.0,38.0
367,367,36.0,37.0
368,368,38.0,38.0
369,369,37.0,37.0
370,370,37.0,38.0
371,371,37.0,38.0
372,372,37.0,38.0
373,373,37.0,38.0
374,374,36.0,37.0
375,375,38.0,33.0
376,376,37.0,38.0
377,377,38.0,39.0
378,378,36.0,40.0
379,379,37.0,38.0
380,380,37.0,38.0
381,381,37.0,38.0
382,382,39.0,43.0
383,383,37.0,38.0
384,384,37.0,38.0
385,385,36.0,38.0
386,386,37.0,37.0
387,387,36.0,37.0
388,388,37.0,37.0
389,389,36.0,36.0
390,390,37.0,38.0
391,391,40.0,41.0
392,392,37.0,38.0
393,393,37.0,38.0
394,394,37.0,38.0
395,395,37.0,38.0
396,396,37.0,38.0
397,397,37.0,38.0
398,398,36.0,36.0
399,399,38.0,39.0
400,400,37.0,38.0
401,401,37.0,38.0
402,402,37.0,38.0
403,403,37.0,38.0
404,404,37.0,38.0
405,405,37.0,38.0
406,406,37.0,38.0
407,407,37.0,38.0
408,408,37.0,38.0
409,409,37.0,38.0
410,410,37.0,38.0
411,411,35.0,37.0
412,412,37.0,38.0
413,413,37.0,38.0
414,414,37.0,38.0
415,415,35.0,37.0
416,416,37.0,38.0
417,417,36.0,38.0
418,418,37.0,38.0
419,419,37.0,38.0
420,420,37.0,38.0
421,421,37.0,38.0
422,422,37.0,38.0
423,423,37.0,38.0
424,424,37.0,38.0
425,425,37.0,38.0
426,426,37.0,38.0
427,427,37.0,38.0
428,428,38.0,43.0
429,429,37.0,38.0
430,430,37.0,38.0
431,431,37.0,38.0
432,432,37.0,38.0
433,433,38.0,37.0
434,434,37.0,38.0
435,435,37.0,38.0
436,436,39.0,37.0
437,437,37.0,38.0
438,438,37.0,38.0
439,439,37.0,38.0
440,440,37.0,38.0
441,441,37.0,38.0
442,442,37.0,38.0
443,443,37.0,38.0
444,444,37.0,37.0
445,445,37.0,38.0
446,446,37.0,38.0
447,447,37.0,38.0
448,448,38.0,38.0
449,449,37.0,38.0
450,450,37.0,38.0
451,451,37.0,38.0
452,452,38.0,40.0
453,453,37.0,38.0
454,454,37.0,38.0
455,455,37.0,38.0
456,456,37.0,38.0
457,457,37.0,38.0
458,458,40.0,42.0
459,459,37.0,38.0
460,460,37.0,38.0
461,461,37.0,38.0
462,462,37.0,38.0
463,463,37.0,38.0
464,464,37.0,38.0
465,465,37.0,38.0
466,466,37.0,38.0
467,467,37.0,38.0
468,468,37.0,38.0
469,469,37.0,38.0
470,470,37.0,38.0
471,471,37.0,38.0
472,472,37.0,38.0
473,473,37.0,38.0
474,474,36.0,36.0
475,475,37.0,38.0
476,476,36.0,37.0
477,477,37.0,38.0
478,478,37.0,38.0
479,479,37.0,38.0
480,480,37.0,38.0
481,481,37.0,38.0
482,482,37.0,38.0
483,483,37.0,38.0
484,484,37.0,38.0
485,485,37.0,38.0
486,486,37.0,38.0
487,487,35.0,37.0
488,488,37.0,38.0
489,489,37.0,38.0
490,490,37.0,38.0
491,491,37.0,38.0
492,492,37.0,38.0
493,493,37.0,38.0
494,494,37.0,38.0
495,495,37.0,38.0
496,496,37.0,38.0
497,497,37.0,38.0
498,498,37.0,38.0
499,499,37.0,38.0
500,500,37.0,38.0
501,501,37.0,38.0
502,502,37.0,38.0
503,503,37.0,38.0
504,504,37.0,38.0
505,505,37.0,38.0
506,506,37.0,38.0
507,507,37.0,38.0
508,508,37.0,38.0
509,509,37.0,38.0
510,510,36.0,37.0
511,511,37.0,38.0
512,512,37.0,38.0
513,513,37.0,38.0
514,514,37.0,38.0
515,515,37.0,38.0
516,516,37.0,38.0
517,517,37.0,38.0
518,518,37.0,38.0
519,519,37.0,38.0
520,520,37.0,38.0
521,521,37.0,38.0
522,522,37.0,38.0
523,523,37.0,38.0
524,524,37.0,38.0
525,525,37.0,38.0
526,526,37.0,38.0
527,527,38.0,37.0
528,528,37.0,38.0
529,529,37.0,38.0
530,530,37.0,38.0
531,531,37.0,38.0
532,532,40.0,39.0
533,533,37.0,38.0
534,534,37.0,38.0
535,535,37.0,38.0
536,536,35.0,37.0
537,537,37.0,38.0
538,538,37.0,38.0
539,539,37.0,38.0
540,540,37.0,38.0
541,541,37.0,38.0
542,542,37.0,38.0
543,543,37.0,38.0
544,544,37.0,38.0
545,545,37.0,38.0
546,546,37.0,38.0
547,547,37.0,38.0
548,548,37.0,38.0
549,549,37.0,38.0
550,550,37.0,38.0
551,551,37.0,38.0
552,552,37.0,38.0
553,553,37.0,38.0
554,554,38.0,38.0
555,555,37.0,38.0
556,556,36.0,36.0
557,557,37.0,38.0
558,558,37.0,38.0
559,559,37.0,38.0
560,560,37.0,38.0
561,561,36.0,36.0
562,562,37.0,38.0
563,563,37.0,38.0
564,564,37.0,38.0
565,565,36.0,38.0
566,566,37.0,38.0
567,567,37.0,38.0
568,568,37.0,38.0
569,569,37.0,38.0
570,570,37.0,38.0
571,571,37.0,38.0
572,572,37.0,38.0
573,573,37.0,38.0
574,574,37.0,38.0
575,575,37.0,38.0
576,576,37.0,38.0
577,577,37.0,38.0
578,578,37.0,38.0
579,579,37.0,38.0
580,580,37.0,38.0
581,581,37.0,38.0
582,582,37.0,38.0
583,583,36.0,36.0
584,584,37.0,38.0
585,585,37.0,38.0
586,586,37.0,38.0
587,587,38.0,38.0
588,588,37.0,38.0
589,589,37.0,38.0
590,590,37.0,38.0
591,591,37.0,38.0
592,592,37.0,43.0
593,593,37.0,38.0
594,594,37.0,38.0
595,595,37.0,38.0
596,596,37.0,38.0
597,597,37.0,38.0
598,598,37.0,38.0
599,599,37.0,38.0
600,600,37.0,38.0
601,601,37.0,38.0
602,602,37.0,38.0
603,603,37.0,38.0
604,604,37.0,38.0
605,605,37.0,38.0
606,606,37.0,38.0
607,607,37.0,38.0
608,608,37.0,38.0
609,609,37.0,38.0
610,610,37.0,38.0
611,611,37.0,38.0
612,612,37.0,38.0
613,613,37.0,38.0
614,614,37.0,38.0
615,615,37.0,38.0
616,616,37.0,38.0
617,617,37.0,38.0
618,618,37.0,38.0
619,619,37.0,38.0
620,620,37.0,38.0
621,621,37.0,38.0
622,622,37.0,38.0
623,623,37.0,38.0
624,624,37.0,38.0
625,625,37.0,38.0
626,626,37.0,38.0
627,627,37.0,38.0
628,628,37.0,38.0
629,629,37.0,38.0
630,630,37.0,38.0
631,631,37.0,38.0
632,632,37.0,38.0
633,633,37.0,38.0
634,634,37.0,38.0
635,635,37.0,38.0
636,636,37.0,38.0
637,637,37.0,38.0
638,638,37.0,38.0
639,639,37.0,38.0
640,640,37.0,38.0
641,641,37.0,38.0
642,642,37.0,38.0
643,643,37.0,38.0
644,644,37.0,38.0
645,645,37.0,38.0
646,646,35.0,38.0
647,647,37.0,38.0
648,648,37.0,38.0
649,649,37.0,38.0
650,650,37.0,38.0
651,651,37.0,38.0
652,652,37.0,38.0
653,653,37.0,38.0
654,654,37.0,38.0
655,655,37.0,38.0
656,656,37.0,38.0
657,657,37.0,38.0
658,658,37.0,38.0
659,659,37.0,38.0
660,660,37.0,38.0
661,661,37.0,38.0
662,662,37.0,38.0
663,663,37.0,38.0
664,664,37.0,38.0
665,665,37.0,38.0
666,666,59.0,66.0
667,667,37.0,38.0
668,668,37.0,38.0
669,669,37.0,38.0
670,670,37.0,38.0
671,671,37.0,38.0
672,672,37.0,38.0
673,673,37.0,38.0
674,674,37.0,38.0
675,675,37.0,38.0
676,676,37.0,38.0
677,677,37.0,38.0
678,678,37.0,38.0
679,679,37.0,38.0
680,680,37.0,38.0
681,681,37.0,38.0
682,682,37.0,38.0
683,683,37.0,38.0
684,684,37.0,38.0
685,685,37.0,38.0
686,686,37.0,38.0
687,687,37.0,38.0
688,688,37.0,38.0
689,689,37.0,38.0
690,690,37.0,38.0
691,691,37.0,38.0
692,692,37.0,38.0
693,693,37.0,38.0
694,694,37.0,38.0
695,695,37.0,38.0
696,696,37.0,38.0
697,697,37.0,38.0
698,698,37.0,38.0
699,699,37.0,38.0
700,700,37.0,38.0
701,701,37.0,38.0
702,702,37.0,38.0
703,703,37.0,38.0
704,704,37.0,38.0
705,705,37.0,38.0
706,706,37.0,38.0
707,707,37.0,38.0
708,708,37.0,38.0
709,709,37.0,38.0
710,710,37.0,38.0
711,711,37.0,38.0
712,712,37.0,38.0
713,713,37.0,38.0
714,714,37.0,38.0
715,715,37.0,38.0
716,716,37.0,38.0
717,717,37.0,38.0
718,718,37.0,38.0
719,719,37.0,38.0
720,720,37.0,38.0
721,721,37.0,38.0
722,722,37.0,38.0
723,723,37.0,38.0
724,724,37.0,37.0
725,725,37.0,38.0
726,726,37.0,38.0
727,727,37.0,38.0
728,728,37.0,38.0
729,729,37.0,38.0
730,730,37.0,38.0
731,731,37.0,38.0
732,732,37.0,38.0
733,733,37.0,38.0
734,734,37.0,38.0
735,735,37.0,38.0
736,736,37.0,38.0
737,737,38.0,33.0
738,738,37.0,38.0
739,739,37.0,38.0
740,740,36.0,38.0
741,741,37.0,38.0
742,742,37.0,38.0
743,743,37.0,38.0
744,744,37.0,38.0
745,745,37.0,38.0
746,746,37.0,38.0
747,747,37.0,38.0
748,748,37.0,38.0
749,749,37.0,38.0
750,750,37.0,38.0
751,751,37.0,38.0
752,752,37.0,38.0
753,753,37.0,38.0
754,754,37.0,38.0
755,755,37.0,38.0
756,756,37.0,38.0
757,757,37.0,38.0
758,758,37.0,38.0
759,759,37.0,38.0
760,760,37.0,38.0
761,761,37.0,38.0
762,762,37.0,38.0
763,763,37.0,38.0
764,764,37.0,38.0
765,765,37.0,38.0
766,766,37.0,38.0
767,767,37.0,38.0
768,768,37.0,38.0
769,769,37.0,38.0
770,770,37.0,38.0
771,771,37.0,38.0
772,772,37.0,38.0
773,773,37.0,38.0
774,774,37.0,38.0
775,775,37.0,38.0
776,776,37.0,38.0
777,777,37.0,38.0
778,778,37.0,38.0
779,779,37.0,38.0
780,780,37.0,38.0
781,781,37.0,38.0
782,782,37.0,38.0
783,783,39.0,39.0
784,784,72.0,73.0
785,785,37.0,38.0
786,786,37.0,38.0
787,787,37.0,38.0
788,788,38.0,38.0
789,789,37.0,38.0
790,790,37.0,38.0
791,791,37.0,38.0
792,792,37.0,38.0
793,793,37.0,38.0
794,794,37.0,38.0
795,795,37.0,38.0
796,796,37.0,38.0
797,797,38.0,39.0
798,798,37.0,38.0
799,799,37.0,38.0
800,800,37.0,38.0
801,801,37.0,38.0
802,802,37.0,38.0
803,803,37.0,38.0
804,804,37.0,38.0
805,805,37.0,38.0
806,806,36.0,39.0
807,807,37.0,38.0
808,808,34.0,37.0
809,809,37.0,38.0
810,810,37.0,38.0
811,811,37.0,38.0
812,812,37.0,38.0
813,813,37.0,38.0
814,814,37.0,38.0
815,815,37.0,38.0
816,816,37.0,38.0
817,817,37.0,38.0
818,818,37.0,38.0
819,819,37.0,38.0
820,820,37.0,38.0
821,821,37.0,38.0
822,822,37.0,38.0
823,823,37.0,38.0
824,824,37.0,38.0
825,825,37.0,38.0
826,826,37.0,38.0
827,827,37.0,38.0
828,828,37.0,38.0
829,829,37.0,38.0
830,830,37.0,38.0
831,831,35.0,37.0
832,832,37.0,38.0
833,833,37.0,38.0
834,834,37.0,38.0
835,835,37.0,38.0
836,836,37.0,38.0
837,837,37.0,38.0
838,838,37.0,38.0
839,839,37.0,38.0
840,840,37.0,38.0
841,841,37.0,38.0
842,842,37.0,38.0
843,843,37.0,38.0
844,844,37.0,38.0
845,845,37.0,38.0
846,846,37.0,38.0
847,847,37.0,38.0
848,848,37.0,38.0
849,849,37.0,38.0
850,850,37.0,38.0
851,851,37.0,38.0
852,852,37.0,38.0
853,853,37.0,38.0
854,854,37.0,38.0
855,855,37.0,38.0
856,856,37.0,38.0
857,857,37.0,38.0
858,858,37.0,38.0
859,859,37.0,38.0
860,860,37.0,38.0
861,861,37.0,38.0
862,862,37.0,38.0
863,863,37.0,38.0
864,864,37.0,38.0
865,865,37.0,38.0
866,866,37.0,38.0
867,867,37.0,38.0
868,868,37.0,38.0
869,869,37.0,38.0
870,870,37.0,38.0
871,871,37.0,38.0
872,872,37.0,38.0
873,873,37.0,38.0
874,874,37.0,38.0
875,875,37.0,38.0
876,876,37.0,38.0
877,877,37.0,38.0
878,878,37.0,38.0
879,879,37.0,38.0
880,880,37.0,38.0
881,881,37.0,38.0
882,882,37.0,38.0
883,883,37.0,38.0
884,884,37.0,38.0
885,885,37.0,38.0
886,886,37.0,38.0
887,887,37.0,38.0
888,888,37.0,38.0
889,889,37.0,38.0
890,890,37.0,38.0
891,891,37.0,38.0
892,892,37.0,38.0
893,893,37.0,38.0
894,894,37.0,38.0
895,895,37.0,38.0
896,896,37.0,38.0
897,897,37.0,38.0
898,898,37.0,38.0
899,899,37.0,38.0
900,900,37.0,38.0
901,901,37.0,38.0
902,902,37.0,38.0
903,903,37.0,38.0
904,904,37.0,38.0
905,905,37.0,38.0
906,906,37.0,38.0
907,907,37.0,38.0
908,908,37.0,38.0
909,909,37.0,38.0
910,910,37.0,38.0
911,911,37.0,38.0
912,912,37.0,38.0
913,913,37.0,38.0
914,914,37.0,38.0
915,915,37.0,38.0
916,916,37.0,38.0
917,917,37.0,38.0
918,918,37.0,38.0
919,919,37.0,38.0
920,920,37.0,38.0
921,921,37.0,38.0
922,922,37.0,38.0
923,923,37.0,38.0
924,924,37.0,38.0
925,925,37.0,38.0
926,926,37.0,38.0
927,927,37.0,38.0
928,928,37.0,38.0
929,929,37.0,38.0
930,930,37.0,38.0
931,931,37.0,38.0
932,932,37.0,38.0
933,933,37.0,38.0
934,934,37.0,38.0
935,935,37.0,38.0
936,936,37.0,38.0
937,937,37.0,38.0
938,938,37.0,38.0
939,939,37.0,38.0
940,940,37.0,38.0
941,941,37.0,38.0
942,942,37.0,38.0
943,943,37.0,38.0
944,944,37.0,38.0
945,945,37.0,38.0
946,946,37.0,38.0
947,947,37.0,38.0
948,948,37.0,38.0
949,949,37.0,38.0
950,950,37.0,38.0
951,951,37.0,38.0
952,952,37.0,38.0
953,953,37.0,38.0
954,954,37.0,38.0
955,955,37.0,38.0
956,956,39.0,42.0
957,957,37.0,38.0
958,958,37.0,38.0
959,959,37.0,38.0
960,960,37.0,38.0
961,961,37.0,38.0
962,962,40.0,38.0
963,963,37.0,38.0
964,964,37.0,38.0
965,965,37.0,38.0
966,966,37.0,38.0
967,967,37.0,38.0
968,968,37.0,38.0
969,969,37.0,38.0
970,970,37.0,38.0
971,971,37.0,38.0
972,972,37.0,38.0
973,973,37.0,38.0
974,974,37.0,38.0
975,975,37.0,38.0
976,976,37.0,38.0
977,977,33.0,35.0
978,978,37.0,38.0
979,979,37.0,38.0
980,980,37.0,38.0
981,981,37.0,38.0
982,982,37.0,38.0
983,983,37.0,38.0
984,984,37.0,38.0
985,985,37.0,37.0
986,986,37.0,38.0
987,987,37.0,38.0
988,988,37.0,38.0
989,989,37.0,38.0
990,990,37.0,38.0
991,991,36.0,37.0
992,992,37.0,38.0
993,993,37.0,38.0
994,994,37.0,38.0
995,995,37.0,38.0
996,996,37.0,38.0
997,997,37.0,38.0
998,998,37.0,38.0
999,999,37.0,38.0
1000,1000,37.0,38.0
1001,1001,37.0,38.0
1002,1002,37.0,38.0
1003,1003,37.0,38.0
1004,1004,37.0,38.0
1005,1005,37.0,38.0
1006,1006,37.0,38.0
1007,1007,36.0,38.0
1008,1008,37.0,38.0
1009,1009,37.0,38.0
1010,1010,37.0,38.0
1011,1011,37.0,38.0
1012,1012,37.0,38.0
1013,1013,37.0,38.0
1014,1014,36.0,36.0
1015,1015,37.0,38.0
1016,1016,37.0,38.0
1017,1017,37.0,38.0
1018,1018,37.0,38.0
1019,1019,37.0,38.0
1020,1020,37.0,38.0
1021,1021,37.0,38.0
1022,1022,37.0,38.0
1023,1023,37.0,38.0
1024,1024,37.0,38.0
1025,1025,38.0,30.0
1026,1026,37.0,38.0
1027,1027,37.0,38.0
1028,1028,37.0,38.0
1029,1029,37.0,38.0
1030,1030,37.0,38.0
1031,1031,37.0,38.0
1032,1032,37.0,38.0
1033,1033,37.0,38.0
1034,1034,37.0,38.0
1035,1035,37.0,38.0
1036,1036,37.0,38.0
1037,1037,37.0,38.0
1038,1038,35.0,37.0
1039,1039,37.0,37.0
1040,1040,37.0,38.0
1041,1041,37.0,38.0
1042,1042,37.0,38.0
1043,1043,37.0,38.0
1044,1044,38.0,38.0
1045,1045,37.0,38.0
1046,1046,37.0,38.0
1047,1047,37.0,38.0
1048,1048,37.0,38.0
1049,1049,37.0,38.0
1050,1050,37.0,38.0
1051,1051,37.0,38.0
1052,1052,37.0,38.0
1053,1053,37.0,38.0
1054,1054,37.0,38.0
1055,1055,37.0,38.0
1056,1056,37.0,38.0
1057,1057,37.0,38.0
1058,1058,37.0,38.0
1059,1059,37.0,38.0
1060,1060,37.0,38.0
1061,1061,39.0,39.0
1062,1062,37.0,38.0
1063,1063,37.0,38.0
1064,1064,37.0,38.0
1065,1065,37.0,38.0
1066,1066,37.0,38.0
1067,1067,37.0,38.0
1068,1068,37.0,38.0
1069,1069,37.0,38.0
1070,1070,37.0,38.0
1071,1071,37.0,38.0
1072,1072,37.0,38.0
1073,1073,37.0,38.0
1074,1074,36.0,38.0
1075,1075,37.0,38.0
1076,1076,37.0,38.0
1077,1077,37.0,38.0
1078,1078,37.0,38.0
1079,1079,37.0,38.0
1080,1080,37.0,38.0
1081,1081,37.0,38.0
1082,1082,37.0,38.0
1083,1083,37.0,38.0
1084,1084,37.0,38.0
1085,1085,37.0,38.0
1086,1086,37.0,38.0
1087,1087,37.0,38.0
1088,1088,37.0,38.0
1089,1089,37.0,38.0
1090,1090,37.0,38.0
1091,1091,37.0,38.0
1092,1092,37.0,38.0
1093,1093,37.0,38.0
1094,1094,37.0,38.0
1095,1095,37.0,38.0
1096,1096,37.0,38.0
1097,1097,37.0,38.0
1098,1098,37.0,38.0
1099,1099,37.0,37.0
1100,1100,37.0,38.0
1101,1101,37.0,38.0
1102,1102,37.0,38.0
1103,1103,37.0,38.0
1104,1104,37.0,38.0
1105,1105,37.0,38.0
1106,1106,37.0,38.0
1107,1107,37.0,38.0
1108,1108,37.0,38.0
1109,1109,37.0,38.0
1110,1110,37.0,38.0
1111,1111,37.0,38.0
1112,1112,37.0,38.0
1113,1113,37.0,38.0
1114,1114,37.0,38.0
1115,1115,37.0,38.0
1116,1116,37.0,38.0
1117,1117,37.0,38.0
1118,1118,37.0,38.0
1119,1119,37.0,38.0
1120,1120,37.0,38.0
1121,1121,37.0,38.0
1122,1122,37.0,38.0
1123,1123,37.0,38.0
1124,1124,37.0,38.0
1125,1125,37.0,38.0
1126,1126,37.0,38.0
1127,1127,37.0,38.0
1128,1128,37.0,38.0
1129,1129,37.0,38.0
1130,1130,37.0,38.0
1131,1131,37.0,38.0
1132,1132,37.0,38.0
1133,1133,37.0,38.0
1134,1134,37.0,38.0
1135,1135,37.0,38.0
1136,1136,37.0,38.0
1137,1137,37.0,38.0
1138,1138,37.0,38.0
1139,1139,37.0,38.0
1140,1140,37.0,38.0
1141,1141,36.0,36.0
1142,1142,33.0,43.0
1143,1143,37.0,38.0
1144,1144,37.0,38.0
1145,1145,37.0,38.0
1146,1146,37.0,41.0
1147,1147,37.0,38.0
1148,1148,37.0,38.0
1149,1149,37.0,38.0
1150,1150,37.0,38.0
1151,1151,37.0,38.0
1152,1152,37.0,38.0
1153,1153,37.0,38.0
1154,1154,37.0,38.0
1155,1155,37.0,38.0
1156,1156,37.0,38.0
1157,1157,37.0,38.0
1158,1158,37.0,38.0
1159,1159,37.0,38.0
1160,1160,37.0,38.0
1161,1161,37.0,38.0
1162,1162,37.0,38.0
1163,1163,37.0,38.0
1164,1164,37.0,38.0
1165,1165,37.0,38.0
1166,1166,37.0,38.0
1167,1167,37.0,38.0
1168,1168,37.0,38.0
1169,1169,37.0,38.0
1170,1170,37.0,38.0
1171,1171,37.0,38.0
1172,1172,37.0,38.0
1173,1173,37.0,38.0
1174,1174,37.0,38.0
1175,1175,37.0,38.0
1176,1176,37.0,38.0
1177,1177,37.0,38.0
1178,1178,37.0,38.0
1179,1179,37.0,38.0
1180,1180,37.0,38.0
1181,1181,37.0,38.0
1182,1182,37.0,38.0
1183,1183,37.0,38.0
1184,1184,37.0,38.0
1185,1185,37.0,38.0
1186,1186,37.0,38.0
1187,1187,37.0,38.0
1188,1188,37.0,38.0
1189,1189,37.0,38.0
1190,1190,37.0,38.0
1191,1191,37.0,38.0
1192,1192,37.0,38.0
1193,1193,37.0,38.0
1194,1194,37.0,38.0
1195,1195,37.0,38.0
1196,1196,36.0,36.0
1197,1197,37.0,38.0
1198,1198,37.0,38.0
1199,1199,37.0,38.0
1200,1200,37.0,38.0
1201,1201,37.0,38.0
1202,1202,33.0,43.0
1203,1203,37.0,38.0
1204,1204,37.0,38.0
1205,1205,37.0,38.0
1206,1206,37.0,38.0
1207,1207,37.0,38.0
1208,1208,37.0,38.0
1209,1209,37.0,38.0
1210,1210,37.0,38.0
1211,1211,37.0,38.0
1212,1212,37.0,38.0
1213,1213,37.0,38.0
1214,1214,37.0,38.0
1215,1215,36.0,36.0
1216,1216,37.0,38.0
1217,1217,37.0,38.0
1218,1218,37.0,38.0
1219,1219,37.0,38.0
1220,1220,37.0,38.0
1221,1221,38.0,40.0
1222,1222,37.0,38.0
1223,1223,37.0,38.0
1224,1224,37.0,38.0
1225,1225,37.0,38.0
1226,1226,37.0,38.0
1227,1227,37.0,38.0
1228,1228,37.0,38.0
1229,1229,37.0,38.0
1230,1230,37.0,38.0
1231,1231,37.0,38.0
1232,1232,37.0,38.0
1233,1233,37.0,38.0
1234,1234,36.0,36.0
1235,1235,37.0,38.0
1236,1236,37.0,38.0
1237,1237,37.0,38.0
1238,1238,37.0,38.0
1239,1239,37.0,38.0
1240,1240,37.0,38.0
1241,1241,37.0,38.0
1242,1242,37.0,38.0
1243,1243,37.0,38.0
1244,1244,37.0,38.0
1245,1245,37.0,38.0
1246,1246,37.0,38.0
1247,1247,37.0,38.0
1248,1248,37.0,38.0
1249,1249,37.0,38.0
1250,1250,37.0,38.0
1251,1251,37.0,38.0
1252,1252,37.0,38.0
1253,1253,37.0,38.0
1254,1254,37.0,38.0
1255,1255,37.0,38.0
1256,1256,37.0,38.0
1257,1257,37.0,38.0
1258,1258,37.0,38.0
1259,1259,37.0,38.0
1260,1260,37.0,38.0
1261,1261,37.0,38.0
1262,1262,37.0,38.0
1263,1263,37.0,37.0
1264,1264,37.0,38.0
1265,1265,37.0,38.0
1266,1266,37.0,38.0
1267,1267,37.0,38.0
1268,1268,37.0,38.0
1269,1269,37.0,38.0
1270,1270,37.0,38.0
1271,1271,37.0,38.0
1272,1272,37.0,38.0
1273,1273,37.0,38.0
1274,1274,37.0,38.0
1275,1275,37.0,38.0
1276,1276,37.0,38.0
1277,1277,37.0,38.0
1278,1278,37.0,38.0
1279,1279,37.0,38.0
1280,1280,37.0,38.0
1281,1281,35.0,40.0
1282,1282,37.0,38.0
1283,1283,37.0,38.0
1284,1284,37.0,38.0
1285,1285,37.0,38.0
1286,1286,37.0,38.0
1287,1287,37.0,38.0
1288,1288,37.0,38.0
1289,1289,37.0,38.0
1290,1290,37.0,38.0
1291,1291,37.0,38.0
1292,1292,37.0,38.0
1293,1293,37.0,38.0
1294,1294,37.0,38.0
1295,1295,37.0,38.0
1296,1296,37.0,38.0
1297,1297,37.0,38.0
1298,1298,37.0,38.0
1299,1299,37.0,38.0
1300,1300,43.0,41.0
1301,1301,37.0,38.0
1302,1302,37.0,38.0
1303,1303,37.0,38.0
1304,1304,37.0,38.0
1305,1305,37.0,38.0
1306,1306,37.0,38.0
1307,1307,37.0,38.0
1308,1308,37.0,38.0
1309,1309,37.0,38.0
1310,1310,37.0,38.0
1311,1311,37.0,38.0
1312,1312,37.0,38.0
1313,1313,37.0,38.0
1314,1314,37.0,38.0
1315,1315,37.0,38.0
1316,1316,37.0,38.0
1317,1317,37.0,38.0
1318,1318,37.0,38.0
1319,1319,37.0,38.0
1320,1320,35.0,37.0
1321,1321,37.0,38.0
1322,1322,37.0,38.0
1323,1323,37.0,38.0
1324,1324,37.0,38.0
1325,1325,37.0,38.0
1326,1326,37.0,38.0
1327,1327,37.0,38.0
1328,1328,36.0,36.0
1329,1329,37.0,38.0
1330,1330,37.0,38.0
1331,1331,37.0,38.0
1332,1332,37.0,38.0
1333,1333,37.0,38.0
1334,1334,37.0,38.0
1335,1335,37.0,38.0
1336,1336,37.0,38.0
1337,1337,37.0,36.0
1338,1338,37.0,38.0
1339,1339,35.0,35.0
1340,1340,37.0,38.0
1341,1341,37.0,38.0
1342,1342,37.0,38.0
1343,1343,37.0,38.0
1344,1344,37.0,38.0
1345,1345,37.0,38.0
1346,1346,37.0,38.0
1347,1347,37.0,38.0
1348,1348,37.0,38.0
1349,1349,37.0,38.0
1350,1350,37.0,38.0
1351,1351,37.0,38.0
1352,1352,37.0,38.0
1353,1353,37.0,38.0
1354,1354,37.0,38.0
1355,1355,37.0,38.0
1356,1356,37.0,38.0
1357,1357,37.0,38.0
1358,1358,37.0,38.0
1359,1359,37.0,38.0
1360,1360,37.0,38.0
1361,1361,37.0,38.0
1362,1362,37.0,38.0
1363,1363,37.0,38.0
1364,1364,37.0,38.0
1365,1365,38.0,38.0
1366,1366,23.0,61.0
1367,1367,37.0,38.0
1368,1368,37.0,38.0
1369,1369,37.0,38.0
1370,1370,37.0,38.0
1371,1371,37.0,38.0
1372,1372,37.0,38.0
1373,1373,37.0,38.0
1374,1374,37.0,38.0
1375,1375,37.0,38.0
1376,1376,37.0,38.0
1377,1377,37.0,38.0
1378,1378,37.0,38.0
1379,1379,37.0,38.0
1380,1380,37.0,38.0
1381,1381,37.0,38.0
1382,1382,37.0,38.0
1383,1383,37.0,38.0
1384,1384,37.0,38.0
1385,1385,37.0,38.0
1386,1386,37.0,38.0
1387,1387,37.0,38.0
1388,1388,37.0,38.0
1389,1389,37.0,38.0
1390,1390,37.0,38.0
1391,1391,37.0,38.0
1392,1392,37.0,38.0
1393,1393,37.0,38.0
1394,1394,37.0,38.0
1395,1395,37.0,38.0
1396,1396,37.0,38.0
1397,1397,37.0,38.0
1398,1398,37.0,38.0
1399,1399,37.0,38.0
1400,1400,37.0,38.0
1401,1401,37.0,38.0
1402,1402,37.0,38.0
1403,1403,37.0,38.0
1404,1404,37.0,38.0
1405,1405,37.0,38.0
1406,1406,37.0,38.0
1407,1407,37.0,38.0
1408,1408,37.0,38.0
1409,1409,37.0,37.0
1410,1410,37.0,38.0
1411,1411,37.0,38.0
1412,1412,37.0,38.0
1413,1413,37.0,38.0
1414,1414,37.0,38.0
1415,1415,37.0,38.0
1416,1416,37.0,38.0
1417,1417,37.0,38.0
1418,1418,37.0,38.0
1419,1419,37.0,38.0
1420,1420,37.0,38.0
1421,1421,37.0,38.0
1422,1422,37.0,38.0
1423,1423,37.0,38.0
1424,1424,37.0,38.0
1425,1425,37.0,38.0
1426,1426,37.0,38.0
1427,1427,37.0,38.0
1428,1428,37.0,38.0
1429,1429,37.0,38.0
1430,1430,37.0,38.0
1431,1431,37.0,38.0
1432,1432,37.0,38.0
1433,1433,39.0,38.0
1434,1434,37.0,38.0
1435,1435,37.0,38.0
1436,1436,37.0,38.0
1437,1437,37.0,38.0
1438,1438,37.0,38.0
1439,1439,37.0,38.0
1440,1440,37.0,38.0
1441,1441,37.0,38.0
1442,1442,37.0,38.0
1443,1443,37.0,38.0
1444,1444,37.0,38.0
1445,1445,37.0,38.0
1446,1446,37.0,38.0
1447,1447,37.0,38.0
1448,1448,37.0,38.0
1449,1449,37.0,38.0
1450,1450,37.0,38.0
1451,1451,37.0,38.0
1452,1452,37.0,38.0
1453,1453,37.0,38.0
1454,1454,37.0,38.0
1455,1455,37.0,38.0
1456,1456,37.0,38.0
1457,1457,37.0,38.0
1458,1458,37.0,38.0
1459,1459,37.0,38.0
1460,1460,37.0,38.0
1461,1461,37.0,38.0
1462,1462,37.0,38.0
1463,1463,37.0,38.0
1464,1464,37.0,38.0
1465,1465,37.0,38.0
1466,1466,37.0,38.0
1467,1467,37.0,38.0
1468,1468,37.0,38.0
1469,1469,37.0,38.0
1470,1470,37.0,38.0
1471,1471,37.0,38.0
1472,1472,37.0,38.0
1473,1473,37.0,38.0
1474,1474,37.0,38.0
1475,1475,37.0,37.0
1476,1476,37.0,38.0
1477,1477,37.0,38.0
1478,1478,37.0,38.0
1479,1479,37.0,38.0
1480,1480,37.0,38.0
1481,1481,37.0,38.0
1482,1482,37.0,38.0
1483,1483,37.0,38.0
1484,1484,37.0,38.0
1485,1485,37.0,38.0
1486,1486,37.0,38.0
1487,1487,37.0,38.0
1488,1488,37.0,38.0
1489,1489,37.0,38.0
1490,1490,37.0,38.0
1491,1491,37.0,38.0
1492,1492,37.0,38.0
1493,1493,37.0,38.0
1494,1494,37.0,38.0
1495,1495,37.0,38.0
1496,1496,37.0,38.0
1497,1497,37.0,38.0
1498,1498,37.0,38.0
1499,1499,37.0,38.0
1500,1500,37.0,38.0
1501,1501,37.0,38.0
1502,1502,37.0,38.0
1503,1503,37.0,38.0
1504,1504,37.0,38.0
1505,1505,37.0,38.0
1506,1506,37.0,38.0
1507,1507,37.0,38.0
1508,1508,37.0,38.0
1509,1509,37.0,38.0
1510,1510,37.0,38.0
1511,1511,37.0,38.0
1512,1512,37.0,38.0
1513,1513,37.0,38.0
1514,1514,37.0,38.0
1515,1515,37.0,38.0
1516,1516,37.0,38.0
1517,1517,37.0,38.0
1518,1518,37.0,38.0
1519,1519,37.0,38.0
1520,1520,37.0,38.0
1521,1521,37.0,38.0
1522,1522,37.0,38.0
1523,1523,37.0,38.0
1524,1524,37.0,38.0
1525,1525,37.0,38.0
1526,1526,37.0,38.0
1527,1527,37.0,38.0
1528,1528,37.0,38.0
1529,1529,37.0,38.0
1530,1530,35.0,37.0
1531,1531,37.0,38.0
1532,1532,37.0,37.0
1533,1533,37.0,38.0
1534,1534,37.0,38.0
1535,1535,37.0,38.0
1536,1536,37.0,38.0
1537,1537,37.0,38.0
1538,1538,37.0,38.0
1539,1539,33.0,13.0
1540,1540,37.0,38.0
1541,1541,37.0,38.0
1542,1542,37.0,38.0
1543,1543,37.0,38.0
1544,1544,37.0,38.0
1545,1545,37.0,38.0
1546,1546,37.0,38.0
1547,1547,37.0,38.0
1548,1548,37.0,38.0
1549,1549,37.0,38.0
1550,1550,37.0,38.0
1551,1551,37.0,38.0
1552,1552,37.0,38.0
1553,1553,37.0,38.0
1554,1554,37.0,38.0
1555,1555,91.0,87.0
1556,1556,37.0,38.0
1557,1557,37.0,38.0
1558,1558,37.0,38.0
1559,1559,37.0,38.0
1560,1560,37.0,38.0
1561,1561,37.0,38.0
1562,1562,37.0,38.0
1563,1563,37.0,38.0
1564,1564,37.0,38.0
1565,1565,37.0,38.0
1566,1566,37.0,38.0
1567,1567,37.0,38.0
1568,1568,38.0,38.0
1569,1569,37.0,38.0
1570,1570,37.0,38.0
1571,1571,37.0,38.0
1572,1572,37.0,38.0
1573,1573,37.0,38.0
1574,1574,37.0,38.0
1575,1575,37.0,38.0
1576,1576,37.0,38.0
1577,1577,37.0,38.0
1578,1578,37.0,38.0
1579,1579,37.0,38.0
1580,1580,37.0,38.0
1581,1581,37.0,38.0
1582,1582,37.0,38.0
1583,1583,37.0,38.0
1584,1584,37.0,38.0
1585,1585,37.0,38.0
1586,1586,37.0,38.0
1587,1587,39.0,36.0
1588,1588,37.0,38.0
1589,1589,37.0,38.0
1590,1590,37.0,38.0
1591,1591,37.0,38.0
1592,1592,37.0,38.0
1593,1593,37.0,38.0
1594,1594,37.0,38.0
1595,1595,37.0,38.0
1596,1596,38.0,38.0
1597,1597,37.0,38.0
1598,1598,37.0,38.0
1599,1599,37.0,38.0
1600,1600,37.0,38.0
1601,1601,37.0,38.0
1602,1602,37.0,38.0
1603,1603,37.0,38.0
1604,1604,37.0,38.0
1605,1605,40.0,39.0
1606,1606,37.0,38.0
1607,1607,37.0,38.0
1608,1608,37.0,38.0
1609,1609,37.0,38.0
1610,1610,37.0,38.0
1611,1611,35.0,36.0
1612,1612,37.0,38.0
1613,1613,37.0,38.0
1614,1614,37.0,38.0
1615,1615,37.0,38.0
1616,1616,37.0,38.0
1617,1617,37.0,38.0
1618,1618,37.0,38.0
1619,1619,37.0,38.0
1620,1620,37.0,38.0
1621,1621,37.0,38.0
1622,1622,37.0,38.0
1623,1623,37.0,38.0
1624,1624,37.0,38.0
1625,1625,37.0,38.0
1626,1626,37.0,38.0
1627,1627,37.0,38.0
1628,1628,37.0,38.0
1629,1629,37.0,38.0
1630,1630,37.0,38.0
1631,1631,37.0,38.0
1632,1632,37.0,38.0
1633,1633,37.0,38.0
1634,1634,37.0,38.0
1635,1635,36.0,36.0
1636,1636,37.0,38.0
1637,1637,37.0,38.0
1638,1638,37.0,38.0
1639,1639,37.0,38.0
1640,1640,37.0,38.0
1641,1641,37.0,38.0
1642,1642,37.0,38.0
1643,1643,37.0,38.0
1644,1644,37.0,38.0
1645,1645,37.0,38.0
1646,1646,37.0,38.0
1647,1647,37.0,38.0
1648,1648,37.0,38.0
1649,1649,37.0,38.0
1650,1650,37.0,38.0
1651,1651,37.0,38.0
1652,1652,37.0,38.0
1653,1653,37.0,38.0
1654,1654,37.0,38.0
1655,1655,37.0,38.0
1656,1656,37.0,38.0
1657,1657,37.0,38.0
1658,1658,37.0,38.0
1659,1659,37.0,38.0
1660,1660,37.0,38.0
1661,1661,37.0,38.0
1662,1662,37.0,38.0
1663,1663,37.0,38.0
1664,1664,37.0,38.0
1665,1665,37.0,38.0
1666,1666,37.0,38.0
1667,1667,34.0,32.0
1668,1668,37.0,38.0
1669,1669,37.0,38.0
1670,1670,37.0,38.0
1671,1671,37.0,38.0
1672,1672,37.0,38.0
1673,1673,37.0,38.0
1674,1674,37.0,38.0
1675,1675,38.0,38.0
1676,1676,37.0,38.0
1677,1677,37.0,38.0
1678,1678,37.0,38.0
1679,1679,37.0,38.0
1680,1680,37.0,38.0
1681,1681,37.0,38.0
1682,1682,37.0,38.0
1683,1683,37.0,38.0
1684,1684,37.0,38.0
1685,1685,37.0,38.0
1686,1686,38.0,38.0
1687,1687,34.0,44.0
1688,1688,37.0,38.0
1689,1689,37.0,38.0
1690,1690,37.0,38.0
1691,1691,37.0,38.0
1692,1692,37.0,38.0
1693,1693,37.0,38.0
1694,1694,35.0,37.0
1695,1695,37.0,38.0
1696,1696,37.0,38.0
1697,1697,37.0,38.0
1698,1698,37.0,38.0
1699,1699,37.0,38.0
1700,1700,36.0,36.0
1701,1701,37.0,38.0
1702,1702,37.0,38.0
1703,1703,37.0,38.0
1704,1704,37.0,38.0
1705,1705,36.0,40.0
1706,1706,37.0,38.0
1707,1707,37.0,38.0
1708,1708,37.0,38.0
1709,1709,37.0,38.0
1710,1710,37.0,38.0
1711,1711,37.0,38.0
1712,1712,37.0,38.0
1713,1713,37.0,38.0
1714,1714,37.0,38.0
1715,1715,37.0,38.0
1716,1716,37.0,38.0
1717,1717,37.0,38.0
1718,1718,37.0,38.0
1719,1719,37.0,38.0
1720,1720,37.0,38.0
1721,1721,37.0,38.0
1722,1722,37.0,38.0
1723,1723,37.0,38.0
1724,1724,37.0,38.0
1725,1725,37.0,37.0
1726,1726,37.0,38.0
1727,1727,37.0,38.0
1728,1728,37.0,38.0
1729,1729,37.0,38.0
1730,1730,37.0,38.0
1731,1731,37.0,38.0
1732,1732,37.0,38.0
1733,1733,37.0,38.0
1734,1734,37.0,38.0
1735,1735,37.0,38.0
1736,1736,37.0,38.0
1737,1737,37.0,38.0
1738,1738,37.0,38.0
1739,1739,38.0,38.0
1740,1740,37.0,38.0
1741,1741,37.0,38.0
1742,1742,37.0,38.0
1743,1743,37.0,38.0
1744,1744,37.0,38.0
1745,1745,37.0,38.0
1746,1746,37.0,38.0
1747,1747,37.0,38.0
1748,1748,37.0,38.0
1749,1749,37.0,38.0
1750,1750,35.0,41.0
1751,1751,37.0,38.0
1752,1752,37.0,38.0
1753,1753,37.0,38.0
1754,1754,37.0,38.0
1755,1755,37.0,38.0
1756,1756,37.0,38.0
1757,1757,37.0,38.0
1758,1758,37.0,38.0
1759,1759,37.0,38.0
1760,1760,37.0,38.0
1761,1761,37.0,38.0
1762,1762,37.0,38.0
1763,1763,38.0,38.0
1764,1764,37.0,38.0
1765,1765,37.0,38.0
1766,1766,37.0,38.0
1767,1767,37.0,38.0
1768,1768,37.0,38.0
1769,1769,37.0,38.0
1770,1770,37.0,38.0
1771,1771,37.0,38.0
1772,1772,37.0,38.0
1773,1773,37.0,38.0
1774,1774,37.0,38.0
1775,1775,37.0,38.0
1776,1776,37.0,38.0
1777,1777,37.0,38.0
1778,1778,37.0,38.0
1779,1779,37.0,38.0
1780,1780,37.0,38.0
1781,1781,37.0,38.0
1782,1782,37.0,38.0
