,imageID,right_eyebrow_inner_end_x,right_eyebrow_inner_end_y
0,0,39.0,30.0
1,1,39.0,30.0
2,2,41.0,31.0
3,3,39.0,30.0
4,4,39.0,30.0
5,5,39.0,30.0
6,6,37.0,29.0
7,7,39.0,30.0
8,8,39.0,30.0
9,9,39.0,27.0
10,10,39.0,29.0
11,11,39.0,30.0
12,12,40.0,29.0
13,13,39.0,30.0
14,14,39.0,30.0
15,15,39.0,30.0
16,16,42.0,29.0
17,17,39.0,30.0
18,18,39.0,30.0
19,19,39.0,30.0
20,20,39.0,29.0
21,21,39.0,30.0
22,22,39.0,29.0
23,23,39.0,30.0
24,24,39.0,30.0
25,25,38.0,26.0
26,26,39.0,30.0
27,27,39.0,27.0
28,28,39.0,30.0
29,29,39.0,29.0
30,30,42.0,31.0
31,31,39.0,30.0
32,32,39.0,30.0
33,33,37.0,24.0
34,34,39.0,30.0
35,35,40.0,29.0
36,36,40.0,29.0
37,37,42.0,29.0
38,38,39.0,30.0
39,39,39.0,30.0
40,40,39.0,30.0
41,41,39.0,29.0
42,42,39.0,30.0
43,43,39.0,30.0
44,44,39.0,30.0
45,45,40.0,29.0
46,46,39.0,29.0
47,47,41.0,29.0
48,48,39.0,30.0
49,49,39.0,30.0
50,50,39.0,30.0
51,51,39.0,29.0
52,52,39.0,30.0
53,53,39.0,30.0
54,54,39.0,30.0
55,55,36.0,32.0
56,56,39.0,28.0
57,57,39.0,29.0
58,58,39.0,30.0
59,59,39.0,30.0
60,60,39.0,30.0
61,61,39.0,30.0
62,62,43.0,29.0
63,63,38.0,26.0
64,64,42.0,31.0
65,65,39.0,30.0
66,66,40.0,30.0
67,67,39.0,30.0
68,68,39.0,30.0
69,69,39.0,30.0
70,70,39.0,30.0
71,71,40.0,26.0
72,72,39.0,30.0
73,73,39.0,30.0
74,74,39.0,30.0
75,75,41.0,26.0
76,76,40.0,30.0
77,77,38.0,28.0
78,78,37.0,29.0
79,79,39.0,30.0
80,80,39.0,29.0
81,81,9.0,6.0
82,82,41.0,30.0
83,83,39.0,30.0
84,84,40.0,29.0
85,85,39.0,30.0
86,86,39.0,30.0
87,87,39.0,30.0
88,88,39.0,30.0
89,89,42.0,29.0
90,90,36.0,30.0
91,91,41.0,32.0
92,92,39.0,30.0
93,93,39.0,30.0
94,94,39.0,34.0
95,95,39.0,29.0
96,96,39.0,30.0
97,97,39.0,30.0
98,98,39.0,30.0
99,99,39.0,28.0
100,100,39.0,30.0
101,101,9.0,6.0
102,102,38.0,29.0
103,103,39.0,30.0
104,104,39.0,30.0
105,105,39.0,30.0
106,106,43.0,30.0
107,107,39.0,30.0
108,108,39.0,30.0
109,109,39.0,30.0
110,110,39.0,30.0
111,111,37.0,28.0
112,112,39.0,30.0
113,113,41.0,30.0
114,114,39.0,30.0
115,115,37.0,29.0
116,116,39.0,30.0
117,117,39.0,30.0
118,118,39.0,30.0
119,119,39.0,30.0
120,120,39.0,30.0
121,121,41.0,30.0
122,122,39.0,30.0
123,123,39.0,30.0
124,124,39.0,30.0
125,125,39.0,27.0
126,126,39.0,30.0
127,127,39.0,28.0
128,128,39.0,30.0
129,129,39.0,30.0
130,130,39.0,30.0
131,131,38.0,26.0
132,132,39.0,30.0
133,133,39.0,20.0
134,134,42.0,28.0
135,135,39.0,30.0
136,136,39.0,30.0
137,137,39.0,30.0
138,138,41.0,30.0
139,139,39.0,30.0
140,140,39.0,30.0
141,141,39.0,30.0
142,142,39.0,30.0
143,143,39.0,30.0
144,144,39.0,30.0
145,145,39.0,30.0
146,146,39.0,30.0
147,147,39.0,30.0
148,148,37.0,29.0
149,149,38.0,29.0
150,150,39.0,30.0
151,151,39.0,30.0
152,152,39.0,30.0
153,153,40.0,33.0
154,154,41.0,28.0
155,155,39.0,30.0
156,156,39.0,30.0
157,157,39.0,31.0
158,158,39.0,30.0
159,159,40.0,33.0
160,160,41.0,30.0
161,161,39.0,30.0
162,162,39.0,30.0
163,163,39.0,30.0
164,164,39.0,29.0
165,165,39.0,30.0
166,166,39.0,30.0
167,167,42.0,29.0
168,168,39.0,30.0
169,169,39.0,30.0
170,170,39.0,30.0
171,171,39.0,30.0
172,172,39.0,30.0
173,173,39.0,30.0
174,174,43.0,30.0
175,175,39.0,30.0
176,176,43.0,33.0
177,177,39.0,28.0
178,178,39.0,28.0
179,179,41.0,30.0
180,180,39.0,30.0
181,181,39.0,30.0
182,182,35.0,32.0
183,183,39.0,30.0
184,184,39.0,30.0
185,185,39.0,30.0
186,186,39.0,27.0
187,187,39.0,30.0
188,188,38.0,33.0
189,189,39.0,30.0
190,190,39.0,30.0
191,191,38.0,29.0
192,192,39.0,30.0
193,193,39.0,30.0
194,194,42.0,32.0
195,195,39.0,30.0
196,196,39.0,30.0
197,197,39.0,30.0
198,198,41.0,30.0
199,199,39.0,30.0
200,200,39.0,30.0
201,201,42.0,29.0
202,202,37.0,30.0
203,203,39.0,30.0
204,204,39.0,30.0
205,205,39.0,30.0
206,206,39.0,30.0
207,207,39.0,29.0
208,208,42.0,29.0
209,209,39.0,29.0
210,210,40.0,30.0
211,211,39.0,30.0
212,212,39.0,30.0
213,213,41.0,28.0
214,214,39.0,30.0
215,215,41.0,30.0
216,216,41.0,35.0
217,217,39.0,30.0
218,218,39.0,30.0
219,219,39.0,30.0
220,220,39.0,30.0
221,221,39.0,30.0
222,222,38.0,29.0
223,223,37.0,25.0
224,224,42.0,29.0
225,225,39.0,29.0
226,226,39.0,30.0
227,227,39.0,30.0
228,228,39.0,30.0
229,229,39.0,30.0
230,230,39.0,30.0
231,231,39.0,30.0
232,232,39.0,29.0
233,233,39.0,30.0
234,234,38.0,28.0
235,235,38.0,26.0
236,236,40.0,30.0
237,237,39.0,30.0
238,238,39.0,29.0
239,239,39.0,30.0
240,240,37.0,24.0
241,241,42.0,28.0
242,242,39.0,30.0
243,243,41.0,27.0
244,244,39.0,30.0
245,245,43.0,30.0
246,246,42.0,28.0
247,247,39.0,30.0
248,248,43.0,30.0
249,249,40.0,27.0
250,250,39.0,30.0
251,251,39.0,30.0
252,252,40.0,30.0
253,253,39.0,30.0
254,254,39.0,30.0
255,255,41.0,30.0
256,256,39.0,30.0
257,257,39.0,30.0
258,258,39.0,27.0
259,259,39.0,30.0
260,260,39.0,30.0
261,261,37.0,25.0
262,262,39.0,30.0
263,263,39.0,30.0
264,264,39.0,30.0
265,265,42.0,29.0
266,266,40.0,27.0
267,267,40.0,30.0
268,268,39.0,30.0
269,269,39.0,30.0
270,270,39.0,30.0
271,271,39.0,30.0
272,272,41.0,30.0
273,273,39.0,29.0
274,274,39.0,30.0
275,275,42.0,32.0
276,276,36.0,29.0
277,277,37.0,29.0
278,278,40.0,29.0
279,279,39.0,27.0
280,280,40.0,29.0
281,281,39.0,30.0
282,282,39.0,30.0
283,283,39.0,30.0
284,284,39.0,29.0
285,285,39.0,29.0
286,286,39.0,29.0
287,287,39.0,30.0
288,288,39.0,30.0
289,289,39.0,30.0
290,290,39.0,30.0
291,291,38.0,29.0
292,292,39.0,30.0
293,293,39.0,30.0
294,294,38.0,30.0
295,295,47.0,32.0
296,296,39.0,27.0
297,297,39.0,30.0
298,298,38.0,26.0
299,299,39.0,30.0
300,300,92.0,78.0
301,301,39.0,30.0
302,302,39.0,27.0
303,303,40.0,30.0
304,304,39.0,30.0
305,305,39.0,30.0
306,306,39.0,30.0
307,307,39.0,30.0
308,308,39.0,29.0
309,309,39.0,30.0
310,310,39.0,30.0
311,311,40.0,29.0
312,312,39.0,30.0
313,313,42.0,29.0
314,314,41.0,31.0
315,315,38.0,28.0
316,316,39.0,30.0
317,317,39.0,30.0
318,318,39.0,30.0
319,319,39.0,30.0
320,320,39.0,30.0
321,321,38.0,26.0
322,322,39.0,30.0
323,323,39.0,30.0
324,324,39.0,30.0
325,325,41.0,30.0
326,326,39.0,30.0
327,327,39.0,30.0
328,328,39.0,30.0
329,329,39.0,30.0
330,330,39.0,30.0
331,331,40.0,29.0
332,332,39.0,30.0
333,333,39.0,30.0
334,334,39.0,30.0
335,335,39.0,30.0
336,336,39.0,30.0
337,337,39.0,30.0
338,338,40.0,31.0
339,339,39.0,30.0
340,340,39.0,30.0
341,341,39.0,30.0
342,342,39.0,30.0
343,343,39.0,30.0
344,344,39.0,30.0
345,345,39.0,27.0
346,346,39.0,30.0
347,347,39.0,30.0
348,348,41.0,30.0
349,349,39.0,30.0
350,350,39.0,30.0
351,351,39.0,29.0
352,352,40.0,29.0
353,353,39.0,31.0
354,354,39.0,30.0
355,355,39.0,30.0
356,356,35.0,27.0
357,357,39.0,30.0
358,358,40.0,30.0
359,359,39.0,30.0
360,360,39.0,30.0
361,361,39.0,30.0
362,362,39.0,30.0
363,363,40.0,31.0
364,364,39.0,30.0
365,365,38.0,26.0
366,366,36.0,25.0
367,367,38.0,26.0
368,368,39.0,30.0
369,369,41.0,30.0
370,370,39.0,30.0
371,371,40.0,30.0
372,372,39.0,27.0
373,373,39.0,28.0
374,374,38.0,28.0
375,375,41.0,30.0
376,376,39.0,30.0
377,377,39.0,30.0
378,378,39.0,30.0
379,379,39.0,30.0
380,380,39.0,30.0
381,381,39.0,30.0
382,382,43.0,35.0
383,383,42.0,29.0
384,384,39.0,30.0
385,385,39.0,30.0
386,386,39.0,31.0
387,387,38.0,26.0
388,388,40.0,29.0
389,389,38.0,30.0
390,390,39.0,27.0
391,391,39.0,30.0
392,392,39.0,30.0
393,393,39.0,30.0
394,394,40.0,29.0
395,395,39.0,28.0
396,396,39.0,30.0
397,397,39.0,30.0
398,398,39.0,30.0
399,399,39.0,30.0
400,400,39.0,30.0
401,401,39.0,30.0
402,402,39.0,30.0
403,403,39.0,30.0
404,404,39.0,30.0
405,405,39.0,30.0
406,406,39.0,30.0
407,407,43.0,29.0
408,408,39.0,30.0
409,409,39.0,30.0
410,410,39.0,30.0
411,411,40.0,29.0
412,412,39.0,30.0
413,413,39.0,30.0
414,414,39.0,30.0
415,415,39.0,27.0
416,416,39.0,30.0
417,417,39.0,30.0
418,418,44.0,27.0
419,419,39.0,30.0
420,420,39.0,30.0
421,421,39.0,30.0
422,422,39.0,30.0
423,423,39.0,30.0
424,424,39.0,30.0
425,425,39.0,30.0
426,426,39.0,30.0
427,427,39.0,30.0
428,428,39.0,30.0
429,429,39.0,30.0
430,430,39.0,30.0
431,431,42.0,29.0
432,432,39.0,30.0
433,433,39.0,30.0
434,434,42.0,33.0
435,435,39.0,30.0
436,436,39.0,30.0
437,437,39.0,30.0
438,438,39.0,30.0
439,439,39.0,30.0
440,440,39.0,30.0
441,441,39.0,30.0
442,442,39.0,30.0
443,443,39.0,30.0
444,444,39.0,30.0
445,445,39.0,30.0
446,446,39.0,30.0
447,447,39.0,30.0
448,448,39.0,30.0
449,449,39.0,30.0
450,450,39.0,30.0
451,451,39.0,30.0
452,452,39.0,30.0
453,453,39.0,30.0
454,454,37.0,31.0
455,455,43.0,32.0
456,456,39.0,30.0
457,457,39.0,30.0
458,458,39.0,30.0
459,459,39.0,30.0
460,460,39.0,30.0
461,461,39.0,30.0
462,462,37.0,25.0
463,463,39.0,30.0
464,464,39.0,30.0
465,465,39.0,30.0
466,466,39.0,30.0
467,467,39.0,30.0
468,468,39.0,30.0
469,469,39.0,30.0
470,470,39.0,30.0
471,471,39.0,30.0
472,472,39.0,30.0
473,473,39.0,30.0
474,474,39.0,30.0
475,475,39.0,30.0
476,476,39.0,30.0
477,477,39.0,30.0
478,478,39.0,30.0
479,479,39.0,30.0
480,480,39.0,30.0
481,481,39.0,30.0
482,482,39.0,30.0
483,483,39.0,30.0
484,484,42.0,30.0
485,485,39.0,30.0
486,486,39.0,30.0
487,487,39.0,30.0
488,488,39.0,30.0
489,489,39.0,30.0
490,490,39.0,27.0
491,491,39.0,30.0
492,492,39.0,30.0
493,493,39.0,30.0
494,494,42.0,31.0
495,495,39.0,30.0
496,496,39.0,30.0
497,497,39.0,30.0
498,498,37.0,28.0
499,499,39.0,30.0
500,500,39.0,30.0
501,501,42.0,30.0
502,502,39.0,30.0
503,503,39.0,30.0
504,504,39.0,30.0
505,505,39.0,30.0
506,506,39.0,30.0
507,507,39.0,30.0
508,508,39.0,30.0
509,509,38.0,28.0
510,510,40.0,31.0
511,511,39.0,30.0
512,512,39.0,30.0
513,513,39.0,30.0
514,514,35.0,28.0
515,515,39.0,30.0
516,516,39.0,30.0
517,517,39.0,30.0
518,518,39.0,30.0
519,519,39.0,30.0
520,520,39.0,30.0
521,521,39.0,30.0
522,522,39.0,30.0
523,523,39.0,30.0
524,524,39.0,30.0
525,525,39.0,30.0
526,526,39.0,30.0
527,527,40.0,31.0
528,528,39.0,30.0
529,529,39.0,30.0
530,530,39.0,30.0
531,531,39.0,30.0
532,532,39.0,30.0
533,533,39.0,30.0
534,534,39.0,30.0
535,535,42.0,29.0
536,536,38.0,26.0
537,537,39.0,30.0
538,538,39.0,30.0
539,539,39.0,30.0
540,540,39.0,30.0
541,541,39.0,30.0
542,542,39.0,30.0
543,543,39.0,30.0
544,544,39.0,30.0
545,545,39.0,30.0
546,546,39.0,30.0
547,547,39.0,30.0
548,548,39.0,30.0
549,549,39.0,30.0
550,550,39.0,30.0
551,551,39.0,30.0
552,552,39.0,30.0
553,553,73.0,29.0
554,554,39.0,30.0
555,555,39.0,30.0
556,556,39.0,30.0
557,557,39.0,30.0
558,558,39.0,33.0
559,559,39.0,30.0
560,560,39.0,30.0
561,561,39.0,30.0
562,562,39.0,30.0
563,563,39.0,30.0
564,564,37.0,31.0
565,565,36.0,30.0
566,566,39.0,30.0
567,567,39.0,30.0
568,568,39.0,30.0
569,569,39.0,30.0
570,570,39.0,30.0
571,571,39.0,30.0
572,572,39.0,30.0
573,573,39.0,30.0
574,574,39.0,30.0
575,575,39.0,30.0
576,576,39.0,30.0
577,577,39.0,30.0
578,578,39.0,30.0
579,579,39.0,30.0
580,580,42.0,29.0
581,581,42.0,30.0
582,582,39.0,30.0
583,583,39.0,30.0
584,584,39.0,30.0
585,585,39.0,30.0
586,586,39.0,30.0
587,587,38.0,26.0
588,588,39.0,30.0
589,589,39.0,30.0
590,590,39.0,30.0
591,591,39.0,30.0
592,592,39.0,30.0
593,593,39.0,30.0
594,594,39.0,30.0
595,595,39.0,30.0
596,596,39.0,30.0
597,597,39.0,30.0
598,598,39.0,30.0
599,599,39.0,30.0
600,600,39.0,30.0
601,601,39.0,30.0
602,602,39.0,30.0
603,603,39.0,30.0
604,604,39.0,30.0
605,605,39.0,30.0
606,606,39.0,30.0
607,607,39.0,30.0
608,608,39.0,30.0
609,609,39.0,30.0
610,610,39.0,30.0
611,611,39.0,30.0
612,612,39.0,30.0
613,613,39.0,30.0
614,614,39.0,30.0
615,615,39.0,30.0
616,616,39.0,30.0
617,617,39.0,30.0
618,618,39.0,30.0
619,619,39.0,30.0
620,620,39.0,30.0
621,621,39.0,30.0
622,622,39.0,30.0
623,623,39.0,30.0
624,624,39.0,30.0
625,625,39.0,30.0
626,626,39.0,30.0
627,627,39.0,30.0
628,628,39.0,30.0
629,629,39.0,30.0
630,630,39.0,30.0
631,631,39.0,30.0
632,632,39.0,30.0
633,633,39.0,30.0
634,634,39.0,30.0
635,635,39.0,30.0
636,636,37.0,30.0
637,637,39.0,30.0
638,638,39.0,30.0
639,639,39.0,30.0
640,640,39.0,30.0
641,641,39.0,30.0
642,642,39.0,30.0
643,643,39.0,30.0
644,644,39.0,30.0
645,645,39.0,30.0
646,646,39.0,30.0
647,647,39.0,30.0
648,648,39.0,30.0
649,649,39.0,30.0
650,650,39.0,30.0
651,651,39.0,30.0
652,652,39.0,30.0
653,653,39.0,30.0
654,654,39.0,30.0
655,655,39.0,30.0
656,656,39.0,30.0
657,657,41.0,31.0
658,658,39.0,30.0
659,659,39.0,30.0
660,660,39.0,30.0
661,661,39.0,30.0
662,662,39.0,30.0
663,663,39.0,30.0
664,664,39.0,30.0
665,665,39.0,30.0
666,666,39.0,30.0
667,667,39.0,30.0
668,668,39.0,30.0
669,669,39.0,30.0
670,670,39.0,30.0
671,671,39.0,30.0
672,672,39.0,30.0
673,673,39.0,30.0
674,674,39.0,30.0
675,675,39.0,30.0
676,676,39.0,30.0
677,677,39.0,30.0
678,678,39.0,30.0
679,679,39.0,30.0
680,680,39.0,30.0
681,681,39.0,30.0
682,682,39.0,30.0
683,683,39.0,30.0
684,684,39.0,30.0
685,685,39.0,30.0
686,686,39.0,30.0
687,687,39.0,30.0
688,688,39.0,30.0
689,689,39.0,30.0
690,690,43.0,34.0
691,691,39.0,30.0
692,692,39.0,30.0
693,693,39.0,30.0
694,694,39.0,30.0
695,695,39.0,30.0
696,696,39.0,30.0
697,697,39.0,30.0
698,698,39.0,30.0
699,699,39.0,30.0
700,700,39.0,30.0
701,701,39.0,30.0
702,702,39.0,30.0
703,703,39.0,30.0
704,704,39.0,30.0
705,705,39.0,30.0
706,706,39.0,30.0
707,707,39.0,30.0
708,708,39.0,30.0
709,709,39.0,30.0
710,710,39.0,30.0
711,711,39.0,30.0
712,712,42.0,29.0
713,713,39.0,30.0
714,714,39.0,30.0
715,715,39.0,30.0
716,716,39.0,30.0
717,717,39.0,30.0
718,718,39.0,30.0
719,719,39.0,30.0
720,720,39.0,30.0
721,721,39.0,30.0
722,722,39.0,30.0
723,723,39.0,30.0
724,724,39.0,30.0
725,725,39.0,30.0
726,726,39.0,30.0
727,727,39.0,30.0
728,728,39.0,30.0
729,729,39.0,30.0
730,730,39.0,30.0
731,731,39.0,30.0
732,732,39.0,30.0
733,733,39.0,30.0
734,734,39.0,30.0
735,735,39.0,30.0
736,736,39.0,30.0
737,737,39.0,30.0
738,738,39.0,30.0
739,739,39.0,30.0
740,740,39.0,30.0
741,741,39.0,30.0
742,742,39.0,30.0
743,743,39.0,30.0
744,744,39.0,28.0
745,745,39.0,30.0
746,746,39.0,30.0
747,747,39.0,30.0
748,748,39.0,30.0
749,749,39.0,30.0
750,750,39.0,30.0
751,751,39.0,30.0
752,752,39.0,30.0
753,753,39.0,30.0
754,754,39.0,30.0
755,755,39.0,30.0
756,756,39.0,30.0
757,757,39.0,30.0
758,758,39.0,30.0
759,759,39.0,30.0
760,760,39.0,30.0
761,761,39.0,30.0
762,762,39.0,30.0
763,763,39.0,30.0
764,764,39.0,30.0
765,765,39.0,30.0
766,766,39.0,30.0
767,767,39.0,30.0
768,768,39.0,30.0
769,769,39.0,30.0
770,770,39.0,30.0
771,771,39.0,30.0
772,772,39.0,30.0
773,773,39.0,30.0
774,774,39.0,30.0
775,775,39.0,30.0
776,776,39.0,30.0
777,777,39.0,30.0
778,778,39.0,30.0
779,779,39.0,30.0
780,780,39.0,30.0
781,781,44.0,31.0
782,782,39.0,30.0
783,783,39.0,30.0
784,784,39.0,30.0
785,785,39.0,30.0
786,786,39.0,30.0
787,787,39.0,30.0
788,788,39.0,30.0
789,789,39.0,30.0
790,790,39.0,30.0
791,791,39.0,30.0
792,792,39.0,30.0
793,793,39.0,30.0
794,794,39.0,30.0
795,795,39.0,30.0
796,796,39.0,30.0
797,797,39.0,30.0
798,798,39.0,30.0
799,799,39.0,30.0
800,800,39.0,30.0
801,801,39.0,30.0
802,802,39.0,30.0
803,803,39.0,30.0
804,804,39.0,30.0
805,805,39.0,30.0
806,806,36.0,27.0
807,807,39.0,30.0
808,808,38.0,28.0
809,809,39.0,30.0
810,810,38.0,28.0
811,811,39.0,30.0
812,812,39.0,30.0
813,813,39.0,30.0
814,814,39.0,30.0
815,815,39.0,30.0
816,816,39.0,30.0
817,817,39.0,30.0
818,818,39.0,30.0
819,819,39.0,30.0
820,820,39.0,30.0
821,821,39.0,30.0
822,822,39.0,30.0
823,823,39.0,30.0
824,824,39.0,30.0
825,825,39.0,30.0
826,826,39.0,30.0
827,827,39.0,30.0
828,828,39.0,30.0
829,829,39.0,30.0
830,830,39.0,30.0
831,831,39.0,30.0
832,832,39.0,30.0
833,833,39.0,30.0
834,834,39.0,30.0
835,835,39.0,30.0
836,836,39.0,30.0
837,837,39.0,30.0
838,838,39.0,30.0
839,839,39.0,30.0
840,840,39.0,30.0
841,841,39.0,30.0
842,842,39.0,30.0
843,843,39.0,30.0
844,844,39.0,30.0
845,845,39.0,30.0
846,846,39.0,30.0
847,847,39.0,30.0
848,848,39.0,30.0
849,849,39.0,30.0
850,850,39.0,30.0
851,851,39.0,30.0
852,852,39.0,30.0
853,853,39.0,30.0
854,854,39.0,30.0
855,855,39.0,30.0
856,856,39.0,30.0
857,857,39.0,30.0
858,858,39.0,30.0
859,859,39.0,30.0
860,860,39.0,30.0
861,861,39.0,30.0
862,862,39.0,30.0
863,863,39.0,30.0
864,864,39.0,30.0
865,865,39.0,30.0
866,866,39.0,30.0
867,867,39.0,30.0
868,868,39.0,30.0
869,869,39.0,30.0
870,870,39.0,30.0
871,871,39.0,30.0
872,872,39.0,30.0
873,873,39.0,30.0
874,874,39.0,30.0
875,875,39.0,30.0
876,876,39.0,30.0
877,877,39.0,30.0
878,878,39.0,30.0
879,879,39.0,30.0
880,880,39.0,30.0
881,881,39.0,30.0
882,882,39.0,30.0
883,883,39.0,30.0
884,884,39.0,30.0
885,885,39.0,30.0
886,886,40.0,29.0
887,887,39.0,30.0
888,888,39.0,30.0
889,889,39.0,30.0
890,890,39.0,30.0
891,891,39.0,30.0
892,892,39.0,30.0
893,893,39.0,30.0
894,894,39.0,30.0
895,895,39.0,30.0
896,896,39.0,30.0
897,897,39.0,30.0
898,898,39.0,30.0
899,899,39.0,30.0
900,900,39.0,30.0
901,901,39.0,30.0
902,902,39.0,30.0
903,903,39.0,30.0
904,904,39.0,30.0
905,905,39.0,30.0
906,906,39.0,30.0
907,907,39.0,30.0
908,908,39.0,30.0
909,909,39.0,30.0
910,910,39.0,30.0
911,911,39.0,30.0
912,912,39.0,30.0
913,913,39.0,30.0
914,914,39.0,30.0
915,915,39.0,30.0
916,916,39.0,30.0
917,917,39.0,30.0
918,918,42.0,29.0
919,919,43.0,30.0
920,920,39.0,30.0
921,921,41.0,31.0
922,922,39.0,30.0
923,923,39.0,30.0
924,924,39.0,30.0
925,925,39.0,30.0
926,926,39.0,30.0
927,927,39.0,30.0
928,928,39.0,30.0
929,929,39.0,30.0
930,930,39.0,30.0
931,931,39.0,30.0
932,932,39.0,30.0
933,933,39.0,30.0
934,934,39.0,30.0
935,935,39.0,30.0
936,936,39.0,30.0
937,937,39.0,30.0
938,938,39.0,30.0
939,939,39.0,30.0
940,940,39.0,30.0
941,941,39.0,30.0
942,942,39.0,30.0
943,943,39.0,30.0
944,944,39.0,30.0
945,945,39.0,30.0
946,946,39.0,30.0
947,947,39.0,30.0
948,948,39.0,30.0
949,949,39.0,30.0
950,950,39.0,30.0
951,951,39.0,30.0
952,952,39.0,30.0
953,953,39.0,30.0
954,954,39.0,30.0
955,955,39.0,30.0
956,956,39.0,29.0
957,957,39.0,30.0
958,958,39.0,30.0
959,959,39.0,30.0
960,960,39.0,30.0
961,961,39.0,30.0
962,962,40.0,29.0
963,963,39.0,30.0
964,964,39.0,30.0
965,965,39.0,30.0
966,966,39.0,30.0
967,967,39.0,30.0
968,968,39.0,30.0
969,969,39.0,30.0
970,970,39.0,30.0
971,971,39.0,30.0
972,972,39.0,30.0
973,973,39.0,30.0
974,974,39.0,30.0
975,975,39.0,30.0
976,976,39.0,30.0
977,977,39.0,30.0
978,978,39.0,30.0
979,979,39.0,30.0
980,980,39.0,30.0
981,981,41.0,31.0
982,982,39.0,30.0
983,983,39.0,30.0
984,984,39.0,28.0
985,985,41.0,29.0
986,986,39.0,30.0
987,987,39.0,30.0
988,988,39.0,30.0
989,989,39.0,30.0
990,990,39.0,30.0
991,991,38.0,29.0
992,992,39.0,30.0
993,993,39.0,30.0
994,994,39.0,30.0
995,995,39.0,30.0
996,996,39.0,30.0
997,997,39.0,30.0
998,998,39.0,30.0
999,999,39.0,30.0
1000,1000,39.0,30.0
1001,1001,39.0,30.0
1002,1002,39.0,30.0
1003,1003,39.0,30.0
1004,1004,39.0,30.0
1005,1005,39.0,30.0
1006,1006,39.0,30.0
1007,1007,36.0,30.0
1008,1008,39.0,30.0
1009,1009,39.0,30.0
1010,1010,39.0,30.0
1011,1011,39.0,30.0
1012,1012,39.0,30.0
1013,1013,39.0,30.0
1014,1014,39.0,30.0
1015,1015,39.0,30.0
1016,1016,39.0,27.0
1017,1017,39.0,30.0
1018,1018,39.0,30.0
1019,1019,39.0,30.0
1020,1020,39.0,30.0
1021,1021,39.0,30.0
1022,1022,39.0,30.0
1023,1023,39.0,30.0
1024,1024,39.0,30.0
1025,1025,39.0,30.0
1026,1026,39.0,30.0
1027,1027,39.0,30.0
1028,1028,39.0,30.0
1029,1029,39.0,30.0
1030,1030,39.0,30.0
1031,1031,39.0,30.0
1032,1032,39.0,30.0
1033,1033,39.0,30.0
1034,1034,39.0,30.0
1035,1035,39.0,30.0
1036,1036,39.0,30.0
1037,1037,39.0,30.0
1038,1038,39.0,30.0
1039,1039,44.0,31.0
1040,1040,39.0,30.0
1041,1041,39.0,30.0
1042,1042,39.0,30.0
1043,1043,39.0,30.0
1044,1044,39.0,30.0
1045,1045,39.0,30.0
1046,1046,39.0,30.0
1047,1047,39.0,30.0
1048,1048,39.0,30.0
1049,1049,39.0,30.0
1050,1050,39.0,30.0
1051,1051,39.0,30.0
1052,1052,39.0,30.0
1053,1053,39.0,30.0
1054,1054,39.0,30.0
1055,1055,39.0,30.0
1056,1056,39.0,30.0
1057,1057,39.0,30.0
1058,1058,39.0,30.0
1059,1059,39.0,30.0
1060,1060,39.0,30.0
1061,1061,39.0,30.0
1062,1062,39.0,30.0
1063,1063,39.0,30.0
1064,1064,39.0,30.0
1065,1065,39.0,30.0
1066,1066,39.0,30.0
1067,1067,39.0,30.0
1068,1068,39.0,30.0
1069,1069,39.0,30.0
1070,1070,39.0,30.0
1071,1071,39.0,30.0
1072,1072,39.0,30.0
1073,1073,39.0,30.0
1074,1074,39.0,30.0
1075,1075,39.0,30.0
1076,1076,39.0,30.0
1077,1077,38.0,31.0
1078,1078,39.0,30.0
1079,1079,39.0,30.0
1080,1080,41.0,28.0
1081,1081,39.0,30.0
1082,1082,39.0,30.0
1083,1083,39.0,30.0
1084,1084,39.0,30.0
1085,1085,39.0,30.0
1086,1086,39.0,30.0
1087,1087,39.0,30.0
1088,1088,39.0,30.0
1089,1089,39.0,30.0
1090,1090,39.0,30.0
1091,1091,39.0,29.0
1092,1092,39.0,30.0
1093,1093,39.0,30.0
1094,1094,39.0,30.0
1095,1095,39.0,30.0
1096,1096,39.0,30.0
1097,1097,39.0,30.0
1098,1098,39.0,30.0
1099,1099,39.0,30.0
1100,1100,39.0,30.0
1101,1101,39.0,30.0
1102,1102,39.0,30.0
1103,1103,39.0,30.0
1104,1104,39.0,30.0
1105,1105,39.0,30.0
1106,1106,47.0,32.0
1107,1107,39.0,30.0
1108,1108,39.0,30.0
1109,1109,39.0,30.0
1110,1110,39.0,26.0
1111,1111,39.0,30.0
1112,1112,39.0,30.0
1113,1113,39.0,30.0
1114,1114,39.0,30.0
1115,1115,39.0,30.0
1116,1116,41.0,28.0
1117,1117,39.0,30.0
1118,1118,39.0,30.0
1119,1119,39.0,30.0
1120,1120,39.0,30.0
1121,1121,39.0,30.0
1122,1122,39.0,30.0
1123,1123,39.0,28.0
1124,1124,39.0,30.0
1125,1125,39.0,30.0
1126,1126,39.0,30.0
1127,1127,39.0,30.0
1128,1128,39.0,30.0
1129,1129,39.0,30.0
1130,1130,39.0,30.0
1131,1131,39.0,30.0
1132,1132,39.0,30.0
1133,1133,39.0,30.0
1134,1134,39.0,30.0
1135,1135,39.0,30.0
1136,1136,39.0,30.0
1137,1137,39.0,30.0
1138,1138,39.0,30.0
1139,1139,39.0,30.0
1140,1140,39.0,30.0
1141,1141,39.0,30.0
1142,1142,41.0,30.0
1143,1143,39.0,30.0
1144,1144,39.0,30.0
1145,1145,39.0,30.0
1146,1146,39.0,30.0
1147,1147,39.0,30.0
1148,1148,39.0,30.0
1149,1149,39.0,30.0
1150,1150,39.0,30.0
1151,1151,39.0,30.0
1152,1152,39.0,30.0
1153,1153,39.0,30.0
1154,1154,39.0,30.0
1155,1155,39.0,30.0
1156,1156,39.0,30.0
1157,1157,39.0,30.0
1158,1158,39.0,30.0
1159,1159,39.0,30.0
1160,1160,39.0,30.0
1161,1161,39.0,30.0
1162,1162,39.0,30.0
1163,1163,39.0,30.0
1164,1164,39.0,30.0
1165,1165,39.0,30.0
1166,1166,39.0,30.0
1167,1167,39.0,30.0
1168,1168,39.0,30.0
1169,1169,39.0,30.0
1170,1170,39.0,30.0
1171,1171,39.0,30.0
1172,1172,39.0,30.0
1173,1173,39.0,30.0
1174,1174,39.0,30.0
1175,1175,39.0,30.0
1176,1176,39.0,30.0
1177,1177,39.0,30.0
1178,1178,39.0,30.0
1179,1179,39.0,30.0
1180,1180,39.0,30.0
1181,1181,39.0,30.0
1182,1182,39.0,30.0
1183,1183,39.0,30.0
1184,1184,39.0,30.0
1185,1185,39.0,30.0
1186,1186,39.0,30.0
1187,1187,39.0,30.0
1188,1188,39.0,30.0
1189,1189,39.0,30.0
1190,1190,39.0,30.0
1191,1191,39.0,30.0
1192,1192,39.0,30.0
1193,1193,39.0,30.0
1194,1194,39.0,30.0
1195,1195,39.0,30.0
1196,1196,39.0,30.0
1197,1197,39.0,30.0
1198,1198,39.0,30.0
1199,1199,39.0,30.0
1200,1200,39.0,30.0
1201,1201,42.0,29.0
1202,1202,39.0,30.0
1203,1203,39.0,30.0
1204,1204,39.0,30.0
1205,1205,39.0,30.0
1206,1206,39.0,30.0
1207,1207,39.0,30.0
1208,1208,39.0,30.0
1209,1209,39.0,30.0
1210,1210,39.0,30.0
1211,1211,39.0,30.0
1212,1212,39.0,30.0
1213,1213,39.0,30.0
1214,1214,39.0,30.0
1215,1215,39.0,30.0
1216,1216,39.0,30.0
1217,1217,39.0,30.0
1218,1218,39.0,30.0
1219,1219,39.0,30.0
1220,1220,39.0,30.0
1221,1221,39.0,30.0
1222,1222,39.0,30.0
1223,1223,39.0,30.0
1224,1224,39.0,30.0
1225,1225,39.0,30.0
1226,1226,39.0,30.0
1227,1227,39.0,30.0
1228,1228,39.0,30.0
1229,1229,39.0,30.0
1230,1230,39.0,30.0
1231,1231,39.0,30.0
1232,1232,39.0,30.0
1233,1233,39.0,30.0
1234,1234,39.0,30.0
1235,1235,41.0,30.0
1236,1236,39.0,30.0
1237,1237,39.0,30.0
1238,1238,39.0,30.0
1239,1239,39.0,30.0
1240,1240,39.0,30.0
1241,1241,39.0,30.0
1242,1242,39.0,30.0
1243,1243,39.0,30.0
1244,1244,39.0,30.0
1245,1245,39.0,30.0
1246,1246,39.0,30.0
1247,1247,39.0,30.0
1248,1248,39.0,30.0
1249,1249,39.0,30.0
1250,1250,39.0,30.0
1251,1251,39.0,30.0
1252,1252,39.0,30.0
1253,1253,39.0,30.0
1254,1254,39.0,30.0
1255,1255,39.0,30.0
1256,1256,39.0,30.0
1257,1257,39.0,30.0
1258,1258,39.0,30.0
1259,1259,39.0,30.0
1260,1260,39.0,27.0
1261,1261,39.0,30.0
1262,1262,39.0,30.0
1263,1263,39.0,32.0
1264,1264,39.0,30.0
1265,1265,39.0,30.0
1266,1266,39.0,30.0
1267,1267,39.0,30.0
1268,1268,39.0,30.0
1269,1269,39.0,30.0
1270,1270,39.0,30.0
1271,1271,39.0,30.0
1272,1272,39.0,30.0
1273,1273,39.0,30.0
1274,1274,39.0,30.0
1275,1275,39.0,30.0
1276,1276,39.0,30.0
1277,1277,39.0,30.0
1278,1278,39.0,30.0
1279,1279,38.0,27.0
1280,1280,39.0,30.0
1281,1281,39.0,30.0
1282,1282,39.0,30.0
1283,1283,39.0,30.0
1284,1284,39.0,30.0
1285,1285,39.0,30.0
1286,1286,39.0,30.0
1287,1287,39.0,30.0
1288,1288,39.0,30.0
1289,1289,39.0,30.0
1290,1290,39.0,30.0
1291,1291,39.0,30.0
1292,1292,39.0,30.0
1293,1293,39.0,30.0
1294,1294,39.0,30.0
1295,1295,39.0,30.0
1296,1296,39.0,30.0
1297,1297,39.0,30.0
1298,1298,39.0,30.0
1299,1299,39.0,30.0
1300,1300,39.0,30.0
1301,1301,39.0,30.0
1302,1302,39.0,30.0
1303,1303,39.0,29.0
1304,1304,39.0,30.0
1305,1305,39.0,30.0
1306,1306,39.0,30.0
1307,1307,39.0,30.0
1308,1308,39.0,30.0
1309,1309,39.0,30.0
1310,1310,39.0,30.0
1311,1311,39.0,30.0
1312,1312,39.0,30.0
1313,1313,39.0,30.0
1314,1314,39.0,30.0
1315,1315,39.0,30.0
1316,1316,39.0,30.0
1317,1317,39.0,30.0
1318,1318,39.0,30.0
1319,1319,39.0,29.0
1320,1320,39.0,30.0
1321,1321,39.0,30.0
1322,1322,39.0,30.0
1323,1323,39.0,30.0
1324,1324,39.0,30.0
1325,1325,39.0,30.0
1326,1326,39.0,30.0
1327,1327,39.0,30.0
1328,1328,39.0,30.0
1329,1329,39.0,30.0
1330,1330,39.0,30.0
1331,1331,39.0,30.0
1332,1332,39.0,30.0
1333,1333,39.0,30.0
1334,1334,39.0,30.0
1335,1335,37.0,25.0
1336,1336,39.0,30.0
1337,1337,39.0,30.0
1338,1338,39.0,30.0
1339,1339,39.0,30.0
1340,1340,39.0,30.0
1341,1341,39.0,30.0
1342,1342,39.0,30.0
1343,1343,39.0,30.0
1344,1344,39.0,30.0
1345,1345,39.0,30.0
1346,1346,39.0,30.0
1347,1347,39.0,30.0
1348,1348,39.0,30.0
1349,1349,39.0,30.0
1350,1350,39.0,30.0
1351,1351,39.0,30.0
1352,1352,39.0,30.0
1353,1353,39.0,30.0
1354,1354,39.0,30.0
1355,1355,39.0,30.0
1356,1356,39.0,30.0
1357,1357,39.0,30.0
1358,1358,39.0,30.0
1359,1359,39.0,30.0
1360,1360,39.0,30.0
1361,1361,39.0,30.0
1362,1362,39.0,30.0
1363,1363,39.0,30.0
1364,1364,39.0,30.0
1365,1365,38.0,26.0
1366,1366,41.0,29.0
1367,1367,39.0,30.0
1368,1368,39.0,30.0
1369,1369,39.0,30.0
1370,1370,39.0,30.0
1371,1371,39.0,30.0
1372,1372,39.0,30.0
1373,1373,39.0,30.0
1374,1374,39.0,30.0
1375,1375,39.0,30.0
1376,1376,39.0,30.0
1377,1377,40.0,30.0
1378,1378,39.0,30.0
1379,1379,39.0,30.0
1380,1380,39.0,30.0
1381,1381,39.0,30.0
1382,1382,39.0,30.0
1383,1383,39.0,30.0
1384,1384,39.0,30.0
1385,1385,39.0,30.0
1386,1386,39.0,30.0
1387,1387,39.0,30.0
1388,1388,39.0,30.0
1389,1389,39.0,30.0
1390,1390,40.0,27.0
1391,1391,39.0,30.0
1392,1392,39.0,30.0
1393,1393,39.0,30.0
1394,1394,39.0,30.0
1395,1395,39.0,30.0
1396,1396,39.0,30.0
1397,1397,39.0,30.0
1398,1398,39.0,30.0
1399,1399,39.0,30.0
1400,1400,39.0,30.0
1401,1401,39.0,30.0
1402,1402,39.0,30.0
1403,1403,39.0,30.0
1404,1404,39.0,30.0
1405,1405,39.0,30.0
1406,1406,39.0,30.0
1407,1407,39.0,30.0
1408,1408,39.0,30.0
1409,1409,39.0,30.0
1410,1410,39.0,30.0
1411,1411,39.0,30.0
1412,1412,39.0,26.0
1413,1413,39.0,30.0
1414,1414,39.0,30.0
1415,1415,39.0,30.0
1416,1416,39.0,30.0
1417,1417,39.0,30.0
1418,1418,39.0,30.0
1419,1419,39.0,30.0
1420,1420,39.0,30.0
1421,1421,39.0,30.0
1422,1422,39.0,30.0
1423,1423,39.0,30.0
1424,1424,39.0,30.0
1425,1425,39.0,30.0
1426,1426,39.0,30.0
1427,1427,39.0,30.0
1428,1428,39.0,30.0
1429,1429,39.0,30.0
1430,1430,39.0,30.0
1431,1431,39.0,30.0
1432,1432,39.0,30.0
1433,1433,39.0,30.0
1434,1434,39.0,30.0
1435,1435,39.0,30.0
1436,1436,39.0,30.0
1437,1437,39.0,30.0
1438,1438,39.0,30.0
1439,1439,39.0,30.0
1440,1440,39.0,30.0
1441,1441,39.0,30.0
1442,1442,39.0,30.0
1443,1443,39.0,30.0
1444,1444,39.0,30.0
1445,1445,39.0,30.0
1446,1446,39.0,30.0
1447,1447,37.0,30.0
1448,1448,39.0,30.0
1449,1449,39.0,30.0
1450,1450,39.0,30.0
1451,1451,39.0,30.0
1452,1452,39.0,30.0
1453,1453,39.0,30.0
1454,1454,39.0,30.0
1455,1455,39.0,29.0
1456,1456,39.0,30.0
1457,1457,39.0,29.0
1458,1458,65.0,52.0
1459,1459,39.0,30.0
1460,1460,39.0,30.0
1461,1461,39.0,30.0
1462,1462,39.0,30.0
1463,1463,39.0,30.0
1464,1464,39.0,30.0
1465,1465,39.0,30.0
1466,1466,39.0,30.0
1467,1467,39.0,30.0
1468,1468,39.0,30.0
1469,1469,39.0,30.0
1470,1470,39.0,30.0
1471,1471,39.0,30.0
1472,1472,39.0,30.0
1473,1473,39.0,30.0
1474,1474,39.0,30.0
1475,1475,39.0,30.0
1476,1476,39.0,30.0
1477,1477,39.0,30.0
1478,1478,39.0,30.0
1479,1479,39.0,30.0
1480,1480,39.0,30.0
1481,1481,39.0,30.0
1482,1482,39.0,30.0
1483,1483,39.0,30.0
1484,1484,39.0,30.0
1485,1485,39.0,30.0
1486,1486,39.0,30.0
1487,1487,39.0,30.0
1488,1488,39.0,30.0
1489,1489,39.0,30.0
1490,1490,39.0,30.0
1491,1491,39.0,30.0
1492,1492,39.0,30.0
1493,1493,39.0,30.0
1494,1494,39.0,30.0
1495,1495,39.0,30.0
1496,1496,39.0,30.0
1497,1497,39.0,30.0
1498,1498,39.0,30.0
1499,1499,39.0,30.0
1500,1500,39.0,30.0
1501,1501,39.0,30.0
1502,1502,39.0,30.0
1503,1503,39.0,30.0
1504,1504,39.0,30.0
1505,1505,39.0,30.0
1506,1506,39.0,30.0
1507,1507,39.0,30.0
1508,1508,39.0,30.0
1509,1509,39.0,30.0
1510,1510,39.0,30.0
1511,1511,39.0,30.0
1512,1512,39.0,30.0
1513,1513,41.0,27.0
1514,1514,39.0,30.0
1515,1515,39.0,30.0
1516,1516,39.0,30.0
1517,1517,39.0,30.0
1518,1518,39.0,30.0
1519,1519,39.0,30.0
1520,1520,39.0,30.0
1521,1521,39.0,30.0
1522,1522,39.0,30.0
1523,1523,39.0,30.0
1524,1524,39.0,30.0
1525,1525,39.0,30.0
1526,1526,39.0,30.0
1527,1527,39.0,30.0
1528,1528,39.0,30.0
1529,1529,39.0,30.0
1530,1530,39.0,30.0
1531,1531,39.0,30.0
1532,1532,39.0,30.0
1533,1533,39.0,30.0
1534,1534,39.0,30.0
1535,1535,39.0,30.0
1536,1536,39.0,30.0
1537,1537,39.0,30.0
1538,1538,39.0,30.0
1539,1539,39.0,30.0
1540,1540,39.0,30.0
1541,1541,39.0,30.0
1542,1542,39.0,30.0
1543,1543,39.0,30.0
1544,1544,39.0,30.0
1545,1545,39.0,30.0
1546,1546,39.0,30.0
1547,1547,39.0,30.0
1548,1548,39.0,30.0
1549,1549,39.0,30.0
1550,1550,39.0,30.0
1551,1551,39.0,30.0
1552,1552,39.0,30.0
1553,1553,39.0,30.0
1554,1554,39.0,30.0
1555,1555,40.0,26.0
1556,1556,39.0,30.0
1557,1557,39.0,30.0
1558,1558,39.0,30.0
1559,1559,39.0,30.0
1560,1560,39.0,30.0
1561,1561,39.0,30.0
1562,1562,39.0,28.0
1563,1563,39.0,30.0
1564,1564,39.0,30.0
1565,1565,39.0,30.0
1566,1566,39.0,30.0
1567,1567,39.0,30.0
1568,1568,39.0,30.0
1569,1569,39.0,30.0
1570,1570,39.0,30.0
1571,1571,39.0,30.0
1572,1572,39.0,30.0
1573,1573,39.0,30.0
1574,1574,39.0,30.0
1575,1575,39.0,30.0
1576,1576,39.0,30.0
1577,1577,40.0,30.0
1578,1578,39.0,30.0
1579,1579,39.0,30.0
1580,1580,39.0,30.0
1581,1581,39.0,30.0
1582,1582,39.0,30.0
1583,1583,39.0,30.0
1584,1584,39.0,30.0
1585,1585,39.0,30.0
1586,1586,39.0,30.0
1587,1587,39.0,30.0
1588,1588,39.0,30.0
1589,1589,39.0,30.0
1590,1590,39.0,30.0
1591,1591,39.0,30.0
1592,1592,39.0,30.0
1593,1593,39.0,30.0
1594,1594,39.0,30.0
1595,1595,39.0,30.0
1596,1596,39.0,30.0
1597,1597,39.0,30.0
1598,1598,39.0,30.0
1599,1599,39.0,30.0
1600,1600,39.0,30.0
1601,1601,39.0,30.0
1602,1602,39.0,30.0
1603,1603,39.0,30.0
1604,1604,39.0,30.0
1605,1605,39.0,30.0
1606,1606,39.0,30.0
1607,1607,39.0,30.0
1608,1608,39.0,30.0
1609,1609,39.0,30.0
1610,1610,39.0,30.0
1611,1611,39.0,30.0
1612,1612,39.0,30.0
1613,1613,39.0,30.0
1614,1614,39.0,30.0
1615,1615,39.0,30.0
1616,1616,39.0,30.0
1617,1617,39.0,30.0
1618,1618,39.0,30.0
1619,1619,39.0,30.0
1620,1620,39.0,30.0
1621,1621,39.0,30.0
1622,1622,39.0,30.0
1623,1623,39.0,30.0
1624,1624,39.0,30.0
1625,1625,39.0,30.0
1626,1626,39.0,30.0
1627,1627,39.0,30.0
1628,1628,39.0,30.0
1629,1629,39.0,30.0
1630,1630,39.0,30.0
1631,1631,39.0,30.0
1632,1632,39.0,30.0
1633,1633,39.0,30.0
1634,1634,39.0,30.0
1635,1635,41.0,28.0
1636,1636,39.0,30.0
1637,1637,39.0,30.0
1638,1638,39.0,30.0
1639,1639,39.0,30.0
1640,1640,39.0,30.0
1641,1641,39.0,30.0
1642,1642,39.0,30.0
1643,1643,39.0,30.0
1644,1644,39.0,30.0
1645,1645,39.0,30.0
1646,1646,39.0,30.0
1647,1647,39.0,30.0
1648,1648,39.0,30.0
1649,1649,39.0,30.0
1650,1650,39.0,30.0
1651,1651,39.0,30.0
1652,1652,39.0,30.0
1653,1653,39.0,30.0
1654,1654,39.0,30.0
1655,1655,39.0,27.0
1656,1656,39.0,30.0
1657,1657,39.0,30.0
1658,1658,39.0,30.0
1659,1659,39.0,30.0
1660,1660,39.0,30.0
1661,1661,39.0,30.0
1662,1662,39.0,30.0
1663,1663,39.0,30.0
1664,1664,39.0,30.0
1665,1665,39.0,30.0
1666,1666,39.0,30.0
1667,1667,39.0,30.0
1668,1668,39.0,30.0
1669,1669,39.0,30.0
1670,1670,39.0,30.0
1671,1671,39.0,30.0
1672,1672,39.0,30.0
1673,1673,39.0,30.0
1674,1674,39.0,30.0
1675,1675,39.0,30.0
1676,1676,39.0,30.0
1677,1677,39.0,30.0
1678,1678,39.0,30.0
1679,1679,39.0,30.0
1680,1680,36.0,32.0
1681,1681,39.0,30.0
1682,1682,39.0,30.0
1683,1683,40.0,30.0
1684,1684,39.0,30.0
1685,1685,39.0,30.0
1686,1686,39.0,30.0
1687,1687,44.0,31.0
1688,1688,39.0,30.0
1689,1689,39.0,30.0
1690,1690,39.0,30.0
1691,1691,39.0,30.0
1692,1692,39.0,30.0
1693,1693,39.0,30.0
1694,1694,42.0,29.0
1695,1695,39.0,30.0
1696,1696,39.0,30.0
1697,1697,39.0,30.0
1698,1698,39.0,30.0
1699,1699,39.0,30.0
1700,1700,44.0,27.0
1701,1701,39.0,30.0
1702,1702,39.0,30.0
1703,1703,39.0,30.0
1704,1704,39.0,30.0
1705,1705,37.0,32.0
1706,1706,39.0,30.0
1707,1707,39.0,30.0
1708,1708,39.0,27.0
1709,1709,39.0,30.0
1710,1710,39.0,30.0
1711,1711,39.0,30.0
1712,1712,39.0,30.0
1713,1713,39.0,30.0
1714,1714,39.0,30.0
1715,1715,39.0,30.0
1716,1716,39.0,30.0
1717,1717,39.0,30.0
1718,1718,39.0,30.0
1719,1719,39.0,30.0
1720,1720,39.0,30.0
1721,1721,39.0,30.0
1722,1722,39.0,30.0
1723,1723,42.0,29.0
1724,1724,39.0,30.0
1725,1725,39.0,30.0
1726,1726,37.0,29.0
1727,1727,39.0,30.0
1728,1728,39.0,30.0
1729,1729,39.0,30.0
1730,1730,39.0,30.0
1731,1731,39.0,30.0
1732,1732,39.0,30.0
1733,1733,39.0,30.0
1734,1734,39.0,30.0
1735,1735,39.0,30.0
1736,1736,39.0,30.0
1737,1737,44.0,31.0
1738,1738,39.0,30.0
1739,1739,39.0,30.0
1740,1740,39.0,30.0
1741,1741,39.0,30.0
1742,1742,39.0,30.0
1743,1743,39.0,30.0
1744,1744,39.0,30.0
1745,1745,39.0,30.0
1746,1746,39.0,30.0
1747,1747,39.0,30.0
1748,1748,39.0,30.0
1749,1749,39.0,30.0
1750,1750,39.0,30.0
1751,1751,39.0,30.0
1752,1752,39.0,30.0
1753,1753,39.0,30.0
1754,1754,39.0,30.0
1755,1755,39.0,30.0
1756,1756,39.0,30.0
1757,1757,39.0,30.0
1758,1758,39.0,30.0
1759,1759,39.0,30.0
1760,1760,39.0,30.0
1761,1761,39.0,30.0
1762,1762,39.0,30.0
1763,1763,39.0,30.0
1764,1764,39.0,30.0
1765,1765,39.0,30.0
1766,1766,39.0,30.0
1767,1767,44.0,30.0
1768,1768,39.0,30.0
1769,1769,39.0,30.0
1770,1770,39.0,30.0
1771,1771,39.0,30.0
1772,1772,39.0,30.0
1773,1773,39.0,30.0
1774,1774,39.0,30.0
1775,1775,39.0,30.0
1776,1776,39.0,30.0
1777,1777,39.0,30.0
1778,1778,41.0,28.0
1779,1779,39.0,30.0
1780,1780,39.0,30.0
1781,1781,39.0,30.0
1782,1782,39.0,30.0
